1405.000000
677.000000
1397.000000
693.000000
1395.000000
713.000000
1396.000000
733.000000
1398.000000
755.000000
1401.000000
775.000000
1405.000000
795.000000
1409.000000
815.000000
1412.000000
835.000000
1414.000000
855.000000
1414.000000
875.000000
1412.000000
897.000000
1412.000000
917.000000
1414.000000
937.000000
1416.000000
959.000000
1420.000000
983.000000
1425.000000
1003.000000
1435.000000
1015.000000
1445.000000
1017.000000
1457.000000
1019.000000
1467.000000
1021.000000
1479.000000
1021.000000
1489.000000
1013.000000
1493.000000
993.000000
1494.000000
973.000000
1492.000000
951.000000
1491.000000
927.000000
1490.000000
907.000000
1487.000000
885.000000
1486.000000
865.000000
1483.000000
843.000000
1481.000000
823.000000
1477.000000
805.000000
1469.000000
783.000000
1460.000000
763.000000
1454.000000
743.000000
1450.000000
723.000000
1443.000000
701.000000
1432.000000
681.000000
1418.000000
673.000000
