1357.000000
669.000000
1348.000000
682.000000
1346.000000
698.000000
1345.000000
716.000000
1343.000000
732.000000
1341.000000
748.000000
1339.000000
764.000000
1338.000000
780.000000
1338.000000
796.000000
1337.000000
812.000000
1335.000000
828.000000
1331.000000
842.000000
1324.000000
858.000000
1320.000000
874.000000
1318.000000
890.000000
1317.000000
906.000000
1322.000000
922.000000
1328.000000
934.000000
1337.000000
946.000000
1347.000000
954.000000
1359.000000
952.000000
1368.000000
944.000000
1378.000000
932.000000
1383.000000
914.000000
1385.000000
900.000000
1385.000000
882.000000
1383.000000
868.000000
1382.000000
852.000000
1382.000000
836.000000
1382.000000
820.000000
1384.000000
804.000000
1385.000000
792.000000
1385.000000
776.000000
1384.000000
760.000000
1383.000000
744.000000
1382.000000
728.000000
1382.000000
712.000000
1380.000000
696.000000
1377.000000
682.000000
1368.000000
671.000000
