1561.000000
996.000000
1551.000000
997.000000
1539.000000
998.000000
1527.000000
1000.000000
1517.000000
1004.000000
1516.000000
1020.000000
1520.000000
1036.000000
1522.000000
1052.000000
1524.000000
1066.000000
1527.000000
1082.000000
1530.000000
1098.000000
1532.000000
1110.000000
1535.000000
1126.000000
1538.000000
1142.000000
1542.000000
1160.000000
1544.000000
1174.000000
1547.000000
1192.000000
1550.000000
1210.000000
1553.000000
1228.000000
1554.000000
1244.000000
1557.000000
1262.000000
1567.000000
1264.000000
1575.000000
1261.000000
1579.000000
1243.000000
1579.000000
1225.000000
1577.000000
1207.000000
1577.000000
1191.000000
1576.000000
1175.000000
1574.000000
1157.000000
1574.000000
1141.000000
1576.000000
1127.000000
1578.000000
1109.000000
1581.000000
1093.000000
1583.000000
1079.000000
1584.000000
1063.000000
1584.000000
1047.000000
1584.000000
1031.000000
1585.000000
1017.000000
1583.000000
999.000000
1573.000000
995.000000
