1562.000000
1005.000000
1554.000000
1004.000000
1546.000000
1003.000000
1536.000000
1004.000000
1528.000000
1006.000000
1528.000000
1016.000000
1530.000000
1028.000000
1532.000000
1040.000000
1533.000000
1050.000000
1535.000000
1062.000000
1538.000000
1074.000000
1540.000000
1082.000000
1543.000000
1096.000000
1546.000000
1108.000000
1548.000000
1120.000000
1550.000000
1130.000000
1553.000000
1142.000000
1557.000000
1154.000000
1562.000000
1166.000000
1569.000000
1178.000000
1575.000000
1188.000000
1587.000000
1193.000000
1595.000000
1190.000000
1603.000000
1180.000000
1602.000000
1168.000000
1599.000000
1156.000000
1598.000000
1146.000000
1595.000000
1134.000000
1591.000000
1122.000000
1588.000000
1110.000000
1587.000000
1100.000000
1585.000000
1088.000000
1584.000000
1076.000000
1583.000000
1066.000000
1583.000000
1054.000000
1582.000000
1044.000000
1582.000000
1032.000000
1582.000000
1022.000000
1580.000000
1010.000000
1572.000000
1006.000000
