1566.000000
1068.000000
1558.000000
1068.000000
1549.000000
1069.000000
1539.000000
1070.000000
1531.000000
1073.000000
1527.000000
1089.000000
1525.000000
1103.000000
1523.000000
1117.000000
1522.000000
1129.000000
1523.000000
1141.000000
1524.000000
1157.000000
1523.000000
1169.000000
1522.000000
1183.000000
1522.000000
1197.000000
1522.000000
1213.000000
1521.000000
1225.000000
1520.000000
1239.000000
1521.000000
1255.000000
1522.000000
1269.000000
1522.000000
1281.000000
1525.000000
1295.000000
1533.000000
1300.000000
1541.000000
1297.000000
1549.000000
1283.000000
1553.000000
1267.000000
1556.000000
1253.000000
1558.000000
1241.000000
1560.000000
1225.000000
1562.000000
1211.000000
1564.000000
1197.000000
1565.000000
1185.000000
1566.000000
1171.000000
1567.000000
1155.000000
1569.000000
1143.000000
1571.000000
1129.000000
1574.000000
1115.000000
1579.000000
1101.000000
1582.000000
1089.000000
1581.000000
1075.000000
1574.000000
1069.000000
