1645.000000
646.000000
1637.000000
655.000000
1634.000000
677.000000
1634.000000
693.000000
1636.000000
713.000000
1638.000000
729.000000
1640.000000
749.000000
1644.000000
767.000000
1647.000000
783.000000
1653.000000
803.000000
1658.000000
819.000000
1661.000000
837.000000
1663.000000
855.000000
1665.000000
873.000000
1668.000000
893.000000
1672.000000
909.000000
1678.000000
927.000000
1689.000000
935.000000
1705.000000
939.000000
1715.000000
940.000000
1731.000000
939.000000
1743.000000
935.000000
1751.000000
923.000000
1753.000000
901.000000
1753.000000
883.000000
1752.000000
863.000000
1750.000000
847.000000
1746.000000
829.000000
1740.000000
811.000000
1733.000000
795.000000
1725.000000
777.000000
1718.000000
761.000000
1709.000000
743.000000
1705.000000
729.000000
1701.000000
709.000000
1698.000000
691.000000
1693.000000
675.000000
1683.000000
655.000000
1671.000000
647.000000
1657.000000
644.000000
