1444.000000
743.000000
1426.000000
752.000000
1412.000000
766.000000
1403.000000
780.000000
1397.000000
792.000000
1390.000000
806.000000
1385.000000
820.000000
1380.000000
834.000000
1375.000000
846.000000
1370.000000
860.000000
1366.000000
874.000000
1363.000000
886.000000
1359.000000
900.000000
1356.000000
914.000000
1355.000000
928.000000
1357.000000
942.000000
1361.000000
956.000000
1372.000000
966.000000
1388.000000
971.000000
1402.000000
974.000000
1420.000000
974.000000
1434.000000
970.000000
1446.000000
959.000000
1449.000000
945.000000
1449.000000
931.000000
1450.000000
917.000000
1450.000000
903.000000
1449.000000
889.000000
1449.000000
877.000000
1450.000000
863.000000
1451.000000
849.000000
1453.000000
837.000000
1455.000000
825.000000
1458.000000
811.000000
1460.000000
799.000000
1463.000000
785.000000
1467.000000
771.000000
1473.000000
757.000000
1478.000000
743.000000
1465.000000
736.000000
