1590.000000
1026.000000
1578.000000
1030.000000
1569.000000
1041.000000
1566.000000
1055.000000
1566.000000
1069.000000
1568.000000
1083.000000
1571.000000
1097.000000
1573.000000
1111.000000
1573.000000
1125.000000
1573.000000
1139.000000
1571.000000
1157.000000
1568.000000
1171.000000
1562.000000
1187.000000
1556.000000
1203.000000
1551.000000
1219.000000
1548.000000
1235.000000
1546.000000
1251.000000
1547.000000
1265.000000
1550.000000
1281.000000
1559.000000
1284.000000
1568.000000
1270.000000
1576.000000
1254.000000
1582.000000
1238.000000
1589.000000
1222.000000
1595.000000
1206.000000
1600.000000
1190.000000
1604.000000
1176.000000
1609.000000
1160.000000
1612.000000
1146.000000
1617.000000
1132.000000
1623.000000
1118.000000
1629.000000
1102.000000
1634.000000
1088.000000
1639.000000
1074.000000
1642.000000
1060.000000
1641.000000
1044.000000
1636.000000
1030.000000
1626.000000
1025.000000
1616.000000
1024.000000
1604.000000
1025.000000
