1313.000000
720.000000
1299.000000
728.000000
1299.000000
746.000000
1300.000000
762.000000
1300.000000
778.000000
1300.000000
794.000000
1299.000000
810.000000
1298.000000
826.000000
1297.000000
840.000000
1295.000000
856.000000
1293.000000
872.000000
1291.000000
886.000000
1290.000000
902.000000
1290.000000
920.000000
1291.000000
938.000000
1293.000000
954.000000
1295.000000
970.000000
1301.000000
986.000000
1314.000000
993.000000
1326.000000
995.000000
1340.000000
995.000000
1350.000000
991.000000
1359.000000
977.000000
1364.000000
959.000000
1366.000000
943.000000
1367.000000
927.000000
1367.000000
911.000000
1366.000000
895.000000
1365.000000
879.000000
1364.000000
865.000000
1362.000000
849.000000
1360.000000
837.000000
1357.000000
821.000000
1356.000000
807.000000
1356.000000
791.000000
1357.000000
775.000000
1359.000000
761.000000
1359.000000
745.000000
1347.000000
731.000000
1333.000000
722.000000
