1545.000000
729.000000
1539.000000
745.000000
1538.000000
767.000000
1540.000000
789.000000
1542.000000
807.000000
1544.000000
827.000000
1547.000000
847.000000
1548.000000
869.000000
1549.000000
887.000000
1550.000000
905.000000
1547.000000
923.000000
1545.000000
941.000000
1545.000000
959.000000
1546.000000
977.000000
1549.000000
999.000000
1549.000000
1017.000000
1553.000000
1031.000000
1565.000000
1037.000000
1577.000000
1035.000000
1589.000000
1033.000000
1603.000000
1029.000000
1613.000000
1026.000000
1625.000000
1022.000000
1635.000000
1009.000000
1634.000000
991.000000
1631.000000
973.000000
1627.000000
955.000000
1622.000000
937.000000
1616.000000
919.000000
1610.000000
903.000000
1604.000000
883.000000
1600.000000
865.000000
1597.000000
847.000000
1595.000000
827.000000
1593.000000
805.000000
1590.000000
785.000000
1586.000000
765.000000
1576.000000
745.000000
1565.000000
731.000000
1555.000000
727.000000
