1373.000000
1078.000000
1364.000000
1092.000000
1364.000000
1108.000000
1367.000000
1124.000000
1369.000000
1136.000000
1373.000000
1150.000000
1379.000000
1164.000000
1385.000000
1176.000000
1389.000000
1190.000000
1394.000000
1204.000000
1397.000000
1218.000000
1401.000000
1232.000000
1404.000000
1246.000000
1409.000000
1262.000000
1414.000000
1276.000000
1417.000000
1292.000000
1422.000000
1310.000000
1429.000000
1322.000000
1437.000000
1327.000000
1447.000000
1324.000000
1455.000000
1310.000000
1454.000000
1294.000000
1451.000000
1276.000000
1449.000000
1258.000000
1447.000000
1244.000000
1444.000000
1228.000000
1441.000000
1212.000000
1439.000000
1196.000000
1438.000000
1180.000000
1437.000000
1164.000000
1436.000000
1148.000000
1436.000000
1132.000000
1436.000000
1116.000000
1435.000000
1100.000000
1434.000000
1084.000000
1432.000000
1068.000000
1423.000000
1057.000000
1411.000000
1058.000000
1399.000000
1066.000000
1385.000000
1073.000000
