1580.000000
1037.000000
1568.000000
1042.000000
1560.000000
1054.000000
1557.000000
1068.000000
1557.000000
1082.000000
1557.000000
1096.000000
1559.000000
1110.000000
1561.000000
1124.000000
1562.000000
1138.000000
1564.000000
1152.000000
1566.000000
1168.000000
1566.000000
1184.000000
1566.000000
1198.000000
1565.000000
1212.000000
1563.000000
1228.000000
1562.000000
1242.000000
1563.000000
1256.000000
1565.000000
1270.000000
1576.000000
1282.000000
1588.000000
1283.000000
1601.000000
1274.000000
1608.000000
1258.000000
1611.000000
1244.000000
1615.000000
1230.000000
1618.000000
1214.000000
1620.000000
1200.000000
1622.000000
1186.000000
1623.000000
1172.000000
1623.000000
1158.000000
1625.000000
1144.000000
1627.000000
1130.000000
1629.000000
1114.000000
1630.000000
1100.000000
1632.000000
1086.000000
1634.000000
1070.000000
1634.000000
1056.000000
1626.000000
1043.000000
1616.000000
1038.000000
1604.000000
1037.000000
1594.000000
1037.000000
