1406.000000
706.000000
1389.000000
718.000000
1385.000000
736.000000
1383.000000
754.000000
1381.000000
774.000000
1378.000000
792.000000
1375.000000
810.000000
1372.000000
828.000000
1371.000000
848.000000
1370.000000
866.000000
1372.000000
884.000000
1374.000000
904.000000
1377.000000
924.000000
1378.000000
944.000000
1378.000000
964.000000
1379.000000
986.000000
1385.000000
1006.000000
1395.000000
1018.000000
1405.000000
1023.000000
1417.000000
1027.000000
1429.000000
1030.000000
1441.000000
1029.000000
1453.000000
1021.000000
1461.000000
1003.000000
1465.000000
985.000000
1466.000000
965.000000
1466.000000
943.000000
1465.000000
923.000000
1464.000000
903.000000
1463.000000
885.000000
1462.000000
865.000000
1461.000000
845.000000
1460.000000
827.000000
1460.000000
807.000000
1459.000000
789.000000
1457.000000
771.000000
1456.000000
751.000000
1453.000000
731.000000
1439.000000
714.000000
1423.000000
705.000000
