1577.000000
715.000000
1571.000000
729.000000
1567.000000
747.000000
1565.000000
765.000000
1563.000000
781.000000
1562.000000
797.000000
1563.000000
813.000000
1565.000000
829.000000
1566.000000
843.000000
1567.000000
859.000000
1569.000000
873.000000
1570.000000
889.000000
1573.000000
903.000000
1576.000000
917.000000
1581.000000
935.000000
1585.000000
949.000000
1595.000000
959.000000
1607.000000
961.000000
1621.000000
960.000000
1633.000000
957.000000
1647.000000
947.000000
1657.000000
938.000000
1667.000000
929.000000
1676.000000
915.000000
1679.000000
899.000000
1678.000000
883.000000
1677.000000
869.000000
1673.000000
853.000000
1669.000000
839.000000
1663.000000
827.000000
1658.000000
813.000000
1654.000000
799.000000
1650.000000
785.000000
1647.000000
771.000000
1642.000000
755.000000
1636.000000
743.000000
1627.000000
729.000000
1615.000000
717.000000
1601.000000
708.000000
1590.000000
706.000000
