1442.000000
671.000000
1431.000000
681.000000
1423.000000
699.000000
1419.000000
717.000000
1415.000000
735.000000
1410.000000
753.000000
1404.000000
771.000000
1398.000000
787.000000
1392.000000
803.000000
1386.000000
819.000000
1377.000000
837.000000
1370.000000
849.000000
1361.000000
865.000000
1353.000000
883.000000
1345.000000
899.000000
1342.000000
915.000000
1343.000000
931.000000
1354.000000
947.000000
1366.000000
957.000000
1378.000000
966.000000
1394.000000
973.000000
1408.000000
971.000000
1420.000000
959.000000
1428.000000
943.000000
1431.000000
925.000000
1433.000000
909.000000
1434.000000
891.000000
1436.000000
873.000000
1439.000000
857.000000
1442.000000
841.000000
1447.000000
823.000000
1449.000000
809.000000
1451.000000
791.000000
1453.000000
775.000000
1456.000000
757.000000
1458.000000
739.000000
1461.000000
721.000000
1463.000000
703.000000
1463.000000
687.000000
1455.000000
672.000000
