1558.000000
1037.000000
1548.000000
1036.000000
1538.000000
1035.000000
1526.000000
1035.000000
1519.000000
1036.000000
1513.000000
1050.000000
1512.000000
1064.000000
1512.000000
1076.000000
1513.000000
1088.000000
1513.000000
1102.000000
1514.000000
1116.000000
1515.000000
1128.000000
1515.000000
1142.000000
1514.000000
1158.000000
1514.000000
1172.000000
1513.000000
1184.000000
1510.000000
1200.000000
1507.000000
1214.000000
1503.000000
1230.000000
1501.000000
1244.000000
1503.000000
1258.000000
1509.000000
1265.000000
1518.000000
1261.000000
1525.000000
1247.000000
1530.000000
1233.000000
1536.000000
1217.000000
1540.000000
1205.000000
1543.000000
1191.000000
1546.000000
1177.000000
1549.000000
1161.000000
1551.000000
1149.000000
1554.000000
1135.000000
1557.000000
1121.000000
1559.000000
1109.000000
1562.000000
1097.000000
1567.000000
1083.000000
1572.000000
1069.000000
1576.000000
1059.000000
1577.000000
1045.000000
1568.000000
1039.000000
