1580.000000
667.000000
1568.000000
680.000000
1562.000000
702.000000
1559.000000
724.000000
1555.000000
744.000000
1552.000000
766.000000
1549.000000
784.000000
1546.000000
808.000000
1541.000000
826.000000
1534.000000
846.000000
1526.000000
864.000000
1519.000000
880.000000
1516.000000
900.000000
1514.000000
920.000000
1513.000000
942.000000
1510.000000
962.000000
1513.000000
980.000000
1524.000000
989.000000
1538.000000
992.000000
1550.000000
992.000000
1566.000000
992.000000
1580.000000
992.000000
1592.000000
991.000000
1606.000000
979.000000
1609.000000
959.000000
1611.000000
941.000000
1612.000000
921.000000
1610.000000
899.000000
1608.000000
879.000000
1608.000000
861.000000
1612.000000
839.000000
1614.000000
819.000000
1613.000000
799.000000
1610.000000
779.000000
1608.000000
755.000000
1609.000000
735.000000
1612.000000
713.000000
1612.000000
687.000000
1604.000000
673.000000
1594.000000
667.000000
