1421.000000
990.000000
1411.000000
994.000000
1410.000000
1008.000000
1411.000000
1020.000000
1411.000000
1030.000000
1412.000000
1044.000000
1412.000000
1056.000000
1413.000000
1066.000000
1413.000000
1078.000000
1415.000000
1092.000000
1415.000000
1104.000000
1415.000000
1114.000000
1414.000000
1128.000000
1413.000000
1140.000000
1413.000000
1152.000000
1411.000000
1166.000000
1410.000000
1182.000000
1411.000000
1194.000000
1414.000000
1202.000000
1422.000000
1204.000000
1428.000000
1195.000000
1431.000000
1183.000000
1434.000000
1169.000000
1437.000000
1155.000000
1439.000000
1143.000000
1441.000000
1131.000000
1444.000000
1117.000000
1447.000000
1107.000000
1450.000000
1095.000000
1453.000000
1081.000000
1455.000000
1069.000000
1456.000000
1059.000000
1458.000000
1045.000000
1460.000000
1033.000000
1463.000000
1021.000000
1465.000000
1009.000000
1459.000000
998.000000
1451.000000
995.000000
1441.000000
992.000000
1429.000000
991.000000
