1337.000000
1031.000000
1324.000000
1041.000000
1323.000000
1057.000000
1326.000000
1073.000000
1330.000000
1087.000000
1334.000000
1101.000000
1339.000000
1117.000000
1344.000000
1129.000000
1348.000000
1145.000000
1350.000000
1159.000000
1352.000000
1175.000000
1353.000000
1189.000000
1355.000000
1207.000000
1357.000000
1223.000000
1358.000000
1237.000000
1358.000000
1255.000000
1357.000000
1277.000000
1361.000000
1291.000000
1369.000000
1299.000000
1381.000000
1299.000000
1389.000000
1284.000000
1392.000000
1268.000000
1396.000000
1248.000000
1399.000000
1230.000000
1401.000000
1214.000000
1403.000000
1198.000000
1404.000000
1180.000000
1404.000000
1166.000000
1403.000000
1148.000000
1404.000000
1132.000000
1405.000000
1114.000000
1406.000000
1100.000000
1406.000000
1084.000000
1406.000000
1066.000000
1408.000000
1052.000000
1406.000000
1034.000000
1396.000000
1021.000000
1382.000000
1021.000000
1367.000000
1024.000000
1351.000000
1025.000000
