1376.000000
750.000000
1366.000000
761.000000
1361.000000
775.000000
1356.000000
789.000000
1351.000000
803.000000
1347.000000
817.000000
1343.000000
831.000000
1339.000000
845.000000
1336.000000
859.000000
1333.000000
873.000000
1329.000000
887.000000
1325.000000
899.000000
1321.000000
913.000000
1316.000000
927.000000
1312.000000
941.000000
1311.000000
955.000000
1315.000000
969.000000
1321.000000
981.000000
1337.000000
989.000000
1349.000000
992.000000
1365.000000
998.000000
1377.000000
1001.000000
1386.000000
989.000000
1387.000000
975.000000
1388.000000
961.000000
1389.000000
947.000000
1389.000000
933.000000
1391.000000
919.000000
1392.000000
905.000000
1392.000000
891.000000
1392.000000
877.000000
1393.000000
865.000000
1394.000000
851.000000
1395.000000
837.000000
1398.000000
823.000000
1401.000000
809.000000
1401.000000
795.000000
1400.000000
781.000000
1397.000000
767.000000
1389.000000
754.000000
