1486.000000
735.000000
1474.000000
740.000000
1468.000000
748.000000
1464.000000
758.000000
1462.000000
766.000000
1461.000000
776.000000
1460.000000
784.000000
1459.000000
794.000000
1458.000000
804.000000
1457.000000
812.000000
1456.000000
822.000000
1455.000000
832.000000
1453.000000
840.000000
1451.000000
850.000000
1449.000000
858.000000
1452.000000
870.000000
1458.000000
878.000000
1467.000000
886.000000
1479.000000
888.000000
1491.000000
891.000000
1501.000000
893.000000
1511.000000
894.000000
1523.000000
893.000000
1531.000000
886.000000
1532.000000
878.000000
1532.000000
868.000000
1532.000000
856.000000
1532.000000
848.000000
1531.000000
838.000000
1530.000000
828.000000
1529.000000
818.000000
1528.000000
808.000000
1527.000000
800.000000
1526.000000
788.000000
1527.000000
780.000000
1528.000000
770.000000
1528.000000
760.000000
1525.000000
750.000000
1514.000000
740.000000
1502.000000
736.000000
