1480.000000
979.000000
1471.000000
985.000000
1470.000000
999.000000
1472.000000
1013.000000
1474.000000
1027.000000
1474.000000
1041.000000
1477.000000
1055.000000
1479.000000
1069.000000
1480.000000
1083.000000
1482.000000
1095.000000
1484.000000
1111.000000
1486.000000
1125.000000
1489.000000
1139.000000
1490.000000
1151.000000
1492.000000
1165.000000
1494.000000
1183.000000
1496.000000
1197.000000
1500.000000
1213.000000
1508.000000
1218.000000
1514.000000
1209.000000
1517.000000
1191.000000
1518.000000
1177.000000
1519.000000
1163.000000
1520.000000
1149.000000
1521.000000
1135.000000
1521.000000
1119.000000
1523.000000
1105.000000
1525.000000
1091.000000
1526.000000
1079.000000
1529.000000
1065.000000
1531.000000
1049.000000
1532.000000
1035.000000
1532.000000
1021.000000
1533.000000
1007.000000
1535.000000
993.000000
1530.000000
980.000000
1520.000000
978.000000
1512.000000
979.000000
1500.000000
979.000000
1490.000000
978.000000
