1481.000000
630.000000
1471.000000
645.000000
1466.000000
665.000000
1463.000000
683.000000
1461.000000
703.000000
1458.000000
721.000000
1456.000000
739.000000
1454.000000
757.000000
1451.000000
775.000000
1449.000000
793.000000
1447.000000
811.000000
1442.000000
829.000000
1437.000000
847.000000
1435.000000
865.000000
1434.000000
883.000000
1434.000000
903.000000
1442.000000
921.000000
1453.000000
933.000000
1467.000000
934.000000
1481.000000
933.000000
1497.000000
932.000000
1509.000000
933.000000
1525.000000
932.000000
1533.000000
916.000000
1533.000000
896.000000
1532.000000
878.000000
1532.000000
858.000000
1533.000000
840.000000
1532.000000
822.000000
1529.000000
804.000000
1524.000000
786.000000
1522.000000
768.000000
1520.000000
750.000000
1519.000000
730.000000
1516.000000
712.000000
1513.000000
696.000000
1512.000000
676.000000
1508.000000
656.000000
1505.000000
634.000000
1494.000000
627.000000
