1665.000000
790.000000
1655.000000
793.000000
1647.000000
804.000000
1645.000000
814.000000
1644.000000
828.000000
1642.000000
838.000000
1641.000000
848.000000
1639.000000
860.000000
1637.000000
870.000000
1636.000000
882.000000
1635.000000
892.000000
1635.000000
904.000000
1636.000000
914.000000
1636.000000
926.000000
1638.000000
938.000000
1640.000000
948.000000
1643.000000
960.000000
1651.000000
967.000000
1663.000000
971.000000
1671.000000
972.000000
1685.000000
973.000000
1697.000000
973.000000
1707.000000
970.000000
1713.000000
958.000000
1714.000000
948.000000
1714.000000
936.000000
1714.000000
926.000000
1713.000000
916.000000
1711.000000
904.000000
1709.000000
894.000000
1709.000000
882.000000
1709.000000
872.000000
1711.000000
860.000000
1711.000000
850.000000
1710.000000
838.000000
1709.000000
826.000000
1707.000000
816.000000
1700.000000
804.000000
1690.000000
796.000000
1678.000000
791.000000
