1614.000000
640.000000
1611.000000
652.000000
1614.000000
674.000000
1616.000000
692.000000
1619.000000
710.000000
1622.000000
726.000000
1626.000000
744.000000
1630.000000
764.000000
1632.000000
778.000000
1637.000000
796.000000
1641.000000
812.000000
1643.000000
830.000000
1645.000000
844.000000
1646.000000
862.000000
1648.000000
880.000000
1652.000000
894.000000
1661.000000
910.000000
1671.000000
917.000000
1685.000000
920.000000
1697.000000
917.000000
1707.000000
911.000000
1721.000000
903.000000
1729.000000
893.000000
1732.000000
875.000000
1732.000000
859.000000
1727.000000
843.000000
1719.000000
831.000000
1710.000000
815.000000
1704.000000
799.000000
1699.000000
785.000000
1691.000000
767.000000
1683.000000
753.000000
1676.000000
737.000000
1671.000000
723.000000
1663.000000
705.000000
1657.000000
687.000000
1651.000000
673.000000
1642.000000
653.000000
1633.000000
642.000000
1623.000000
638.000000
