1579.000000
1028.000000
1567.000000
1035.000000
1560.000000
1051.000000
1559.000000
1067.000000
1560.000000
1083.000000
1563.000000
1099.000000
1567.000000
1115.000000
1570.000000
1131.000000
1573.000000
1147.000000
1577.000000
1163.000000
1581.000000
1181.000000
1583.000000
1197.000000
1585.000000
1215.000000
1586.000000
1231.000000
1588.000000
1249.000000
1590.000000
1265.000000
1589.000000
1283.000000
1588.000000
1299.000000
1593.000000
1314.000000
1605.000000
1314.000000
1615.000000
1302.000000
1621.000000
1280.000000
1625.000000
1264.000000
1629.000000
1248.000000
1632.000000
1230.000000
1634.000000
1214.000000
1636.000000
1198.000000
1637.000000
1182.000000
1639.000000
1166.000000
1640.000000
1148.000000
1642.000000
1132.000000
1643.000000
1114.000000
1643.000000
1098.000000
1643.000000
1082.000000
1642.000000
1064.000000
1638.000000
1048.000000
1629.000000
1032.000000
1617.000000
1026.000000
1605.000000
1025.000000
1593.000000
1025.000000
