1588.000000
1012.000000
1576.000000
1014.000000
1565.000000
1025.000000
1560.000000
1041.000000
1559.000000
1057.000000
1559.000000
1071.000000
1560.000000
1089.000000
1560.000000
1103.000000
1559.000000
1119.000000
1559.000000
1135.000000
1558.000000
1153.000000
1556.000000
1169.000000
1554.000000
1187.000000
1551.000000
1203.000000
1548.000000
1221.000000
1546.000000
1237.000000
1543.000000
1253.000000
1544.000000
1271.000000
1551.000000
1287.000000
1561.000000
1291.000000
1572.000000
1281.000000
1580.000000
1263.000000
1585.000000
1247.000000
1590.000000
1231.000000
1593.000000
1213.000000
1596.000000
1197.000000
1599.000000
1181.000000
1604.000000
1165.000000
1608.000000
1151.000000
1613.000000
1135.000000
1620.000000
1121.000000
1627.000000
1105.000000
1633.000000
1089.000000
1640.000000
1075.000000
1643.000000
1059.000000
1645.000000
1043.000000
1638.000000
1027.000000
1628.000000
1019.000000
1616.000000
1014.000000
1604.000000
1012.000000
