1424.000000
655.000000
1413.000000
669.000000
1408.000000
689.000000
1408.000000
707.000000
1409.000000
729.000000
1408.000000
749.000000
1409.000000
769.000000
1411.000000
787.000000
1412.000000
809.000000
1411.000000
827.000000
1407.000000
845.000000
1401.000000
865.000000
1397.000000
885.000000
1397.000000
905.000000
1395.000000
925.000000
1394.000000
947.000000
1396.000000
967.000000
1408.000000
978.000000
1422.000000
982.000000
1438.000000
984.000000
1450.000000
986.000000
1464.000000
990.000000
1481.000000
989.000000
1486.000000
971.000000
1490.000000
951.000000
1493.000000
929.000000
1496.000000
907.000000
1496.000000
889.000000
1491.000000
867.000000
1487.000000
849.000000
1483.000000
827.000000
1481.000000
807.000000
1479.000000
789.000000
1476.000000
767.000000
1474.000000
747.000000
1473.000000
727.000000
1472.000000
707.000000
1465.000000
683.000000
1453.000000
663.000000
1439.000000
655.000000
