1434.000000
913.000000
1426.000000
919.000000
1427.000000
933.000000
1427.000000
947.000000
1429.000000
959.000000
1430.000000
975.000000
1432.000000
989.000000
1434.000000
1001.000000
1436.000000
1015.000000
1437.000000
1029.000000
1437.000000
1045.000000
1437.000000
1059.000000
1436.000000
1073.000000
1434.000000
1087.000000
1433.000000
1101.000000
1432.000000
1117.000000
1430.000000
1131.000000
1435.000000
1144.000000
1443.000000
1146.000000
1454.000000
1139.000000
1463.000000
1123.000000
1466.000000
1111.000000
1467.000000
1097.000000
1468.000000
1083.000000
1469.000000
1069.000000
1471.000000
1053.000000
1472.000000
1039.000000
1472.000000
1025.000000
1474.000000
1011.000000
1475.000000
997.000000
1477.000000
983.000000
1478.000000
969.000000
1479.000000
955.000000
1481.000000
941.000000
1483.000000
927.000000
1481.000000
915.000000
1471.000000
913.000000
1463.000000
914.000000
1453.000000
914.000000
1443.000000
913.000000
