1433.000000
705.000000
1423.000000
708.000000
1413.000000
713.000000
1408.000000
719.000000
1404.000000
727.000000
1401.000000
735.000000
1399.000000
743.000000
1396.000000
751.000000
1392.000000
759.000000
1389.000000
767.000000
1386.000000
775.000000
1383.000000
783.000000
1380.000000
791.000000
1379.000000
799.000000
1379.000000
809.000000
1379.000000
819.000000
1380.000000
829.000000
1387.000000
841.000000
1395.000000
849.000000
1405.000000
858.000000
1415.000000
868.000000
1423.000000
871.000000
1431.000000
868.000000
1435.000000
860.000000
1437.000000
850.000000
1439.000000
840.000000
1440.000000
830.000000
1442.000000
822.000000
1444.000000
814.000000
1445.000000
804.000000
1446.000000
794.000000
1447.000000
788.000000
1449.000000
778.000000
1451.000000
770.000000
1452.000000
760.000000
1452.000000
750.000000
1451.000000
740.000000
1451.000000
732.000000
1449.000000
720.000000
1443.000000
710.000000
