1525.000000
546.000000
1517.000000
558.000000
1517.000000
580.000000
1518.000000
600.000000
1518.000000
620.000000
1518.000000
640.000000
1518.000000
658.000000
1519.000000
678.000000
1518.000000
696.000000
1518.000000
716.000000
1517.000000
734.000000
1513.000000
750.000000
1510.000000
768.000000
1510.000000
786.000000
1511.000000
806.000000
1513.000000
824.000000
1517.000000
840.000000
1529.000000
847.000000
1541.000000
848.000000
1553.000000
847.000000
1569.000000
846.000000
1581.000000
844.000000
1593.000000
840.000000
1602.000000
828.000000
1605.000000
810.000000
1605.000000
792.000000
1602.000000
774.000000
1598.000000
756.000000
1594.000000
738.000000
1588.000000
720.000000
1584.000000
702.000000
1582.000000
684.000000
1579.000000
666.000000
1575.000000
646.000000
1574.000000
626.000000
1573.000000
606.000000
1569.000000
586.000000
1560.000000
566.000000
1548.000000
550.000000
1538.000000
544.000000
