1426.000000
677.000000
1420.000000
693.000000
1419.000000
711.000000
1420.000000
729.000000
1421.000000
749.000000
1422.000000
767.000000
1422.000000
785.000000
1422.000000
803.000000
1420.000000
821.000000
1417.000000
839.000000
1413.000000
855.000000
1409.000000
875.000000
1408.000000
891.000000
1409.000000
909.000000
1411.000000
929.000000
1412.000000
949.000000
1414.000000
967.000000
1430.000000
976.000000
1442.000000
980.000000
1458.000000
980.000000
1470.000000
979.000000
1484.000000
980.000000
1498.000000
978.000000
1506.000000
963.000000
1507.000000
945.000000
1508.000000
927.000000
1506.000000
907.000000
1503.000000
889.000000
1499.000000
873.000000
1493.000000
855.000000
1491.000000
835.000000
1491.000000
819.000000
1491.000000
801.000000
1489.000000
781.000000
1486.000000
763.000000
1480.000000
745.000000
1474.000000
727.000000
1466.000000
707.000000
1453.000000
687.000000
1441.000000
677.000000
