1536.000000
933.000000
1526.000000
933.000000
1515.000000
934.000000
1505.000000
935.000000
1495.000000
939.000000
1493.000000
952.000000
1498.000000
966.000000
1502.000000
982.000000
1505.000000
994.000000
1507.000000
1008.000000
1511.000000
1024.000000
1513.000000
1036.000000
1516.000000
1052.000000
1518.000000
1068.000000
1518.000000
1086.000000
1519.000000
1100.000000
1519.000000
1116.000000
1520.000000
1132.000000
1520.000000
1150.000000
1520.000000
1164.000000
1523.000000
1178.000000
1533.000000
1184.000000
1543.000000
1180.000000
1549.000000
1164.000000
1552.000000
1148.000000
1553.000000
1132.000000
1555.000000
1118.000000
1557.000000
1102.000000
1557.000000
1084.000000
1555.000000
1068.000000
1554.000000
1056.000000
1553.000000
1040.000000
1554.000000
1024.000000
1555.000000
1010.000000
1555.000000
996.000000
1556.000000
980.000000
1558.000000
966.000000
1560.000000
954.000000
1558.000000
938.000000
1548.000000
934.000000
