1650.000000
684.000000
1641.000000
691.000000
1636.000000
711.000000
1634.000000
729.000000
1632.000000
749.000000
1630.000000
765.000000
1628.000000
783.000000
1625.000000
803.000000
1623.000000
819.000000
1621.000000
837.000000
1619.000000
853.000000
1619.000000
873.000000
1619.000000
889.000000
1621.000000
909.000000
1621.000000
929.000000
1622.000000
945.000000
1622.000000
965.000000
1628.000000
975.000000
1640.000000
980.000000
1648.000000
982.000000
1660.000000
983.000000
1670.000000
981.000000
1679.000000
973.000000
1683.000000
951.000000
1683.000000
935.000000
1683.000000
915.000000
1683.000000
899.000000
1683.000000
881.000000
1682.000000
863.000000
1681.000000
847.000000
1681.000000
827.000000
1681.000000
813.000000
1681.000000
793.000000
1681.000000
777.000000
1682.000000
759.000000
1683.000000
739.000000
1682.000000
723.000000
1678.000000
703.000000
1669.000000
691.000000
1659.000000
685.000000
