1500.000000
706.000000
1489.000000
724.000000
1482.000000
746.000000
1479.000000
766.000000
1477.000000
786.000000
1476.000000
806.000000
1475.000000
826.000000
1475.000000
846.000000
1475.000000
866.000000
1476.000000
884.000000
1476.000000
904.000000
1478.000000
922.000000
1480.000000
942.000000
1481.000000
962.000000
1484.000000
984.000000
1488.000000
1004.000000
1496.000000
1018.000000
1510.000000
1022.000000
1522.000000
1024.000000
1534.000000
1022.000000
1550.000000
1014.000000
1560.000000
1006.000000
1570.000000
994.000000
1580.000000
974.000000
1585.000000
954.000000
1587.000000
934.000000
1582.000000
916.000000
1577.000000
898.000000
1572.000000
878.000000
1569.000000
862.000000
1565.000000
842.000000
1561.000000
824.000000
1558.000000
808.000000
1554.000000
788.000000
1551.000000
768.000000
1548.000000
750.000000
1545.000000
730.000000
1540.000000
710.000000
1527.000000
701.000000
1515.000000
700.000000
