1581.000000
936.000000
1571.000000
940.000000
1563.000000
953.000000
1561.000000
965.000000
1562.000000
979.000000
1565.000000
993.000000
1568.000000
1007.000000
1569.000000
1021.000000
1571.000000
1033.000000
1572.000000
1049.000000
1573.000000
1065.000000
1573.000000
1079.000000
1571.000000
1093.000000
1571.000000
1109.000000
1571.000000
1125.000000
1572.000000
1139.000000
1572.000000
1153.000000
1573.000000
1169.000000
1581.000000
1180.000000
1591.000000
1181.000000
1600.000000
1171.000000
1605.000000
1153.000000
1607.000000
1139.000000
1609.000000
1123.000000
1610.000000
1109.000000
1612.000000
1095.000000
1614.000000
1079.000000
1616.000000
1065.000000
1616.000000
1051.000000
1617.000000
1037.000000
1619.000000
1021.000000
1621.000000
1007.000000
1623.000000
993.000000
1627.000000
979.000000
1629.000000
965.000000
1630.000000
951.000000
1622.000000
937.000000
1614.000000
934.000000
1604.000000
933.000000
1593.000000
934.000000
