1431.000000
649.000000
1420.000000
659.000000
1412.000000
675.000000
1404.000000
691.000000
1398.000000
705.000000
1392.000000
721.000000
1387.000000
735.000000
1382.000000
749.000000
1377.000000
765.000000
1373.000000
779.000000
1366.000000
793.000000
1359.000000
805.000000
1351.000000
819.000000
1345.000000
833.000000
1342.000000
849.000000
1342.000000
865.000000
1347.000000
881.000000
1356.000000
896.000000
1367.000000
909.000000
1381.000000
915.000000
1395.000000
920.000000
1409.000000
917.000000
1419.000000
905.000000
1425.000000
889.000000
1430.000000
873.000000
1431.000000
859.000000
1431.000000
843.000000
1430.000000
827.000000
1430.000000
811.000000
1432.000000
797.000000
1435.000000
781.000000
1436.000000
769.000000
1436.000000
753.000000
1436.000000
739.000000
1438.000000
723.000000
1440.000000
707.000000
1444.000000
691.000000
1448.000000
677.000000
1450.000000
661.000000
1445.000000
650.000000
