1534.000000
518.000000
1526.000000
533.000000
1523.000000
557.000000
1521.000000
581.000000
1518.000000
603.000000
1516.000000
625.000000
1513.000000
645.000000
1511.000000
669.000000
1508.000000
687.000000
1505.000000
707.000000
1501.000000
727.000000
1496.000000
745.000000
1491.000000
765.000000
1491.000000
783.000000
1493.000000
807.000000
1493.000000
827.000000
1498.000000
847.000000
1508.000000
857.000000
1518.000000
861.000000
1530.000000
863.000000
1542.000000
863.000000
1552.000000
862.000000
1564.000000
857.000000
1572.000000
843.000000
1577.000000
823.000000
1580.000000
801.000000
1582.000000
781.000000
1580.000000
759.000000
1574.000000
739.000000
1568.000000
719.000000
1564.000000
699.000000
1563.000000
677.000000
1561.000000
657.000000
1561.000000
635.000000
1561.000000
613.000000
1563.000000
589.000000
1562.000000
567.000000
1561.000000
541.000000
1553.000000
523.000000
1545.000000
517.000000
