1365.000000
1085.000000
1355.000000
1098.000000
1352.000000
1114.000000
1350.000000
1132.000000
1349.000000
1146.000000
1349.000000
1162.000000
1350.000000
1178.000000
1349.000000
1190.000000
1350.000000
1206.000000
1352.000000
1220.000000
1355.000000
1236.000000
1358.000000
1248.000000
1363.000000
1262.000000
1367.000000
1276.000000
1370.000000
1290.000000
1373.000000
1306.000000
1377.000000
1324.000000
1383.000000
1336.000000
1393.000000
1342.000000
1403.000000
1341.000000
1408.000000
1325.000000
1410.000000
1309.000000
1413.000000
1291.000000
1415.000000
1273.000000
1417.000000
1257.000000
1419.000000
1241.000000
1420.000000
1225.000000
1421.000000
1209.000000
1422.000000
1193.000000
1421.000000
1177.000000
1421.000000
1161.000000
1422.000000
1147.000000
1423.000000
1129.000000
1424.000000
1113.000000
1424.000000
1097.000000
1422.000000
1081.000000
1414.000000
1069.000000
1403.000000
1069.000000
1391.000000
1073.000000
1377.000000
1077.000000
