1349.000000
524.000000
1339.000000
535.000000
1335.000000
555.000000
1334.000000
575.000000
1333.000000
597.000000
1332.000000
615.000000
1331.000000
637.000000
1330.000000
655.000000
1329.000000
675.000000
1328.000000
695.000000
1326.000000
715.000000
1324.000000
731.000000
1320.000000
749.000000
1316.000000
767.000000
1315.000000
787.000000
1316.000000
805.000000
1321.000000
823.000000
1330.000000
839.000000
1340.000000
849.000000
1352.000000
852.000000
1366.000000
854.000000
1376.000000
850.000000
1382.000000
834.000000
1384.000000
814.000000
1384.000000
796.000000
1384.000000
778.000000
1381.000000
758.000000
1379.000000
740.000000
1376.000000
722.000000
1375.000000
704.000000
1375.000000
684.000000
1375.000000
668.000000
1375.000000
650.000000
1375.000000
630.000000
1377.000000
610.000000
1379.000000
590.000000
1379.000000
572.000000
1379.000000
554.000000
1374.000000
536.000000
1363.000000
523.000000
