1464.000000
746.000000
1458.000000
764.000000
1457.000000
784.000000
1456.000000
804.000000
1456.000000
824.000000
1457.000000
842.000000
1457.000000
862.000000
1457.000000
880.000000
1455.000000
900.000000
1454.000000
920.000000
1453.000000
938.000000
1455.000000
958.000000
1457.000000
976.000000
1457.000000
994.000000
1456.000000
1012.000000
1456.000000
1032.000000
1461.000000
1050.000000
1473.000000
1056.000000
1485.000000
1056.000000
1499.000000
1053.000000
1511.000000
1050.000000
1521.000000
1049.000000
1533.000000
1045.000000
1539.000000
1028.000000
1538.000000
1010.000000
1534.000000
992.000000
1531.000000
974.000000
1526.000000
956.000000
1521.000000
938.000000
1515.000000
922.000000
1512.000000
902.000000
1510.000000
884.000000
1509.000000
866.000000
1508.000000
844.000000
1507.000000
826.000000
1506.000000
808.000000
1503.000000
790.000000
1496.000000
768.000000
1486.000000
750.000000
1476.000000
743.000000
