1390.000000
958.000000
1380.000000
964.000000
1378.000000
978.000000
1381.000000
990.000000
1384.000000
1002.000000
1386.000000
1016.000000
1385.000000
1030.000000
1384.000000
1042.000000
1384.000000
1054.000000
1383.000000
1068.000000
1382.000000
1082.000000
1382.000000
1094.000000
1383.000000
1108.000000
1385.000000
1124.000000
1387.000000
1136.000000
1389.000000
1150.000000
1392.000000
1166.000000
1398.000000
1178.000000
1409.000000
1187.000000
1421.000000
1187.000000
1432.000000
1180.000000
1435.000000
1168.000000
1435.000000
1152.000000
1434.000000
1138.000000
1434.000000
1124.000000
1433.000000
1110.000000
1433.000000
1096.000000
1433.000000
1084.000000
1434.000000
1070.000000
1435.000000
1056.000000
1437.000000
1040.000000
1440.000000
1028.000000
1444.000000
1016.000000
1446.000000
1002.000000
1447.000000
988.000000
1446.000000
976.000000
1437.000000
962.000000
1427.000000
957.000000
1415.000000
956.000000
1402.000000
957.000000
