1704.000000
737.000000
1690.000000
743.000000
1679.000000
759.000000
1675.000000
771.000000
1670.000000
785.000000
1665.000000
797.000000
1659.000000
811.000000
1656.000000
823.000000
1653.000000
835.000000
1649.000000
849.000000
1646.000000
861.000000
1642.000000
873.000000
1640.000000
885.000000
1639.000000
899.000000
1638.000000
913.000000
1638.000000
923.000000
1642.000000
935.000000
1650.000000
942.000000
1664.000000
942.000000
1676.000000
941.000000
1690.000000
937.000000
1704.000000
934.000000
1716.000000
926.000000
1728.000000
912.000000
1732.000000
900.000000
1734.000000
886.000000
1734.000000
876.000000
1734.000000
864.000000
1733.000000
852.000000
1731.000000
842.000000
1731.000000
828.000000
1732.000000
818.000000
1734.000000
804.000000
1735.000000
794.000000
1739.000000
780.000000
1741.000000
766.000000
1742.000000
756.000000
1738.000000
742.000000
1728.000000
736.000000
1716.000000
735.000000
