1562.000000
728.000000
1552.000000
736.000000
1547.000000
748.000000
1545.000000
758.000000
1544.000000
768.000000
1543.000000
778.000000
1542.000000
788.000000
1541.000000
800.000000
1540.000000
808.000000
1540.000000
818.000000
1540.000000
828.000000
1540.000000
838.000000
1540.000000
848.000000
1540.000000
858.000000
1540.000000
868.000000
1541.000000
878.000000
1548.000000
885.000000
1556.000000
889.000000
1568.000000
889.000000
1578.000000
887.000000
1588.000000
884.000000
1598.000000
882.000000
1608.000000
879.000000
1617.000000
871.000000
1620.000000
861.000000
1620.000000
851.000000
1620.000000
841.000000
1619.000000
831.000000
1619.000000
821.000000
1619.000000
811.000000
1617.000000
801.000000
1616.000000
791.000000
1615.000000
781.000000
1614.000000
773.000000
1609.000000
761.000000
1605.000000
753.000000
1598.000000
743.000000
1591.000000
733.000000
1583.000000
726.000000
1572.000000
724.000000
