1404.000000
1052.000000
1394.000000
1060.000000
1391.000000
1074.000000
1391.000000
1090.000000
1391.000000
1104.000000
1391.000000
1118.000000
1393.000000
1134.000000
1395.000000
1146.000000
1396.000000
1162.000000
1397.000000
1176.000000
1398.000000
1192.000000
1398.000000
1206.000000
1398.000000
1222.000000
1397.000000
1238.000000
1397.000000
1252.000000
1398.000000
1268.000000
1400.000000
1286.000000
1401.000000
1300.000000
1406.000000
1310.000000
1416.000000
1311.000000
1424.000000
1300.000000
1428.000000
1286.000000
1433.000000
1268.000000
1435.000000
1252.000000
1435.000000
1238.000000
1435.000000
1222.000000
1435.000000
1206.000000
1436.000000
1192.000000
1437.000000
1176.000000
1438.000000
1160.000000
1441.000000
1144.000000
1442.000000
1132.000000
1444.000000
1116.000000
1447.000000
1100.000000
1450.000000
1088.000000
1451.000000
1072.000000
1446.000000
1058.000000
1436.000000
1055.000000
1424.000000
1053.000000
1414.000000
1052.000000
