1525.000000
933.000000
1517.000000
932.000000
1507.000000
931.000000
1497.000000
929.000000
1490.000000
931.000000
1487.000000
941.000000
1489.000000
955.000000
1490.000000
967.000000
1491.000000
979.000000
1491.000000
993.000000
1491.000000
1005.000000
1491.000000
1017.000000
1491.000000
1029.000000
1491.000000
1043.000000
1491.000000
1057.000000
1492.000000
1069.000000
1495.000000
1083.000000
1500.000000
1097.000000
1504.000000
1113.000000
1508.000000
1125.000000
1514.000000
1139.000000
1521.000000
1148.000000
1529.000000
1146.000000
1533.000000
1134.000000
1534.000000
1120.000000
1534.000000
1106.000000
1532.000000
1094.000000
1530.000000
1080.000000
1530.000000
1068.000000
1530.000000
1054.000000
1530.000000
1044.000000
1531.000000
1030.000000
1531.000000
1018.000000
1533.000000
1006.000000
1536.000000
994.000000
1540.000000
984.000000
1543.000000
972.000000
1544.000000
960.000000
1541.000000
948.000000
1533.000000
938.000000
