1427.000000
758.000000
1416.000000
771.000000
1411.000000
789.000000
1408.000000
805.000000
1405.000000
823.000000
1402.000000
839.000000
1398.000000
857.000000
1395.000000
873.000000
1393.000000
889.000000
1391.000000
905.000000
1388.000000
923.000000
1385.000000
937.000000
1381.000000
955.000000
1378.000000
971.000000
1375.000000
987.000000
1373.000000
1005.000000
1377.000000
1019.000000
1385.000000
1031.000000
1397.000000
1040.000000
1409.000000
1042.000000
1423.000000
1042.000000
1435.000000
1038.000000
1443.000000
1024.000000
1446.000000
1008.000000
1446.000000
992.000000
1446.000000
976.000000
1446.000000
958.000000
1446.000000
942.000000
1445.000000
926.000000
1445.000000
912.000000
1445.000000
894.000000
1445.000000
880.000000
1445.000000
864.000000
1446.000000
848.000000
1448.000000
832.000000
1449.000000
816.000000
1450.000000
800.000000
1451.000000
784.000000
1448.000000
768.000000
1439.000000
756.000000
