1405.000000
543.000000
1392.000000
551.000000
1387.000000
567.000000
1383.000000
585.000000
1379.000000
601.000000
1375.000000
617.000000
1370.000000
635.000000
1366.000000
649.000000
1362.000000
665.000000
1357.000000
681.000000
1352.000000
699.000000
1348.000000
711.000000
1341.000000
725.000000
1334.000000
741.000000
1330.000000
757.000000
1329.000000
773.000000
1331.000000
789.000000
1339.000000
803.000000
1353.000000
813.000000
1365.000000
825.000000
1379.000000
831.000000
1389.000000
829.000000
1399.000000
819.000000
1401.000000
801.000000
1400.000000
785.000000
1399.000000
767.000000
1400.000000
751.000000
1401.000000
735.000000
1402.000000
719.000000
1403.000000
703.000000
1405.000000
687.000000
1407.000000
673.000000
1411.000000
657.000000
1414.000000
641.000000
1417.000000
625.000000
1421.000000
607.000000
1425.000000
591.000000
1429.000000
575.000000
1429.000000
559.000000
1419.000000
547.000000
