1588.000000
1075.000000
1578.000000
1078.000000
1574.000000
1090.000000
1575.000000
1104.000000
1576.000000
1118.000000
1577.000000
1132.000000
1578.000000
1146.000000
1580.000000
1158.000000
1581.000000
1172.000000
1583.000000
1186.000000
1585.000000
1202.000000
1587.000000
1216.000000
1588.000000
1230.000000
1589.000000
1244.000000
1592.000000
1260.000000
1594.000000
1274.000000
1597.000000
1288.000000
1599.000000
1302.000000
1606.000000
1314.000000
1614.000000
1316.000000
1621.000000
1305.000000
1623.000000
1287.000000
1623.000000
1273.000000
1623.000000
1259.000000
1623.000000
1243.000000
1623.000000
1229.000000
1623.000000
1215.000000
1623.000000
1201.000000
1624.000000
1187.000000
1624.000000
1173.000000
1626.000000
1159.000000
1629.000000
1143.000000
1631.000000
1129.000000
1632.000000
1115.000000
1631.000000
1101.000000
1629.000000
1087.000000
1625.000000
1072.000000
1617.000000
1071.000000
1608.000000
1072.000000
1598.000000
1073.000000
