1434.000000
762.000000
1422.000000
771.000000
1415.000000
781.000000
1408.000000
793.000000
1402.000000
803.000000
1396.000000
813.000000
1389.000000
825.000000
1384.000000
835.000000
1379.000000
847.000000
1376.000000
857.000000
1372.000000
869.000000
1368.000000
879.000000
1363.000000
889.000000
1358.000000
901.000000
1355.000000
913.000000
1355.000000
925.000000
1356.000000
937.000000
1363.000000
949.000000
1371.000000
959.000000
1379.000000
966.000000
1389.000000
968.000000
1399.000000
966.000000
1408.000000
958.000000
1412.000000
946.000000
1414.000000
934.000000
1415.000000
922.000000
1417.000000
910.000000
1418.000000
898.000000
1420.000000
888.000000
1422.000000
876.000000
1424.000000
864.000000
1426.000000
854.000000
1429.000000
842.000000
1432.000000
832.000000
1436.000000
820.000000
1440.000000
808.000000
1443.000000
798.000000
1446.000000
786.000000
1447.000000
774.000000
1444.000000
764.000000
