1615.000000
740.000000
1611.000000
747.000000
1610.000000
765.000000
1611.000000
781.000000
1612.000000
797.000000
1613.000000
809.000000
1614.000000
825.000000
1615.000000
841.000000
1616.000000
855.000000
1615.000000
869.000000
1613.000000
883.000000
1612.000000
897.000000
1612.000000
911.000000
1614.000000
927.000000
1615.000000
941.000000
1616.000000
955.000000
1620.000000
969.000000
1626.000000
976.000000
1636.000000
978.000000
1646.000000
976.000000
1656.000000
972.000000
1666.000000
968.000000
1675.000000
960.000000
1679.000000
944.000000
1679.000000
932.000000
1677.000000
918.000000
1674.000000
904.000000
1672.000000
890.000000
1669.000000
876.000000
1666.000000
864.000000
1663.000000
850.000000
1661.000000
838.000000
1658.000000
822.000000
1658.000000
810.000000
1653.000000
794.000000
1648.000000
778.000000
1645.000000
766.000000
1638.000000
750.000000
1632.000000
742.000000
1622.000000
738.000000
