1390.000000
1025.000000
1381.000000
1033.000000
1379.000000
1049.000000
1379.000000
1063.000000
1381.000000
1077.000000
1383.000000
1093.000000
1384.000000
1107.000000
1386.000000
1121.000000
1387.000000
1135.000000
1390.000000
1151.000000
1392.000000
1167.000000
1394.000000
1181.000000
1396.000000
1195.000000
1400.000000
1213.000000
1405.000000
1227.000000
1411.000000
1243.000000
1416.000000
1263.000000
1417.000000
1277.000000
1424.000000
1288.000000
1432.000000
1286.000000
1440.000000
1277.000000
1445.000000
1263.000000
1444.000000
1245.000000
1442.000000
1229.000000
1440.000000
1215.000000
1438.000000
1199.000000
1436.000000
1183.000000
1435.000000
1169.000000
1435.000000
1153.000000
1434.000000
1137.000000
1436.000000
1123.000000
1438.000000
1109.000000
1440.000000
1095.000000
1443.000000
1081.000000
1445.000000
1067.000000
1446.000000
1053.000000
1438.000000
1039.000000
1426.000000
1034.000000
1414.000000
1030.000000
1402.000000
1026.000000
