1435.000000
1050.000000
1426.000000
1061.000000
1424.000000
1077.000000
1424.000000
1095.000000
1424.000000
1111.000000
1424.000000
1129.000000
1425.000000
1147.000000
1426.000000
1163.000000
1429.000000
1179.000000
1432.000000
1195.000000
1437.000000
1213.000000
1442.000000
1229.000000
1446.000000
1245.000000
1449.000000
1259.000000
1451.000000
1275.000000
1452.000000
1295.000000
1453.000000
1313.000000
1456.000000
1331.000000
1466.000000
1333.000000
1476.000000
1322.000000
1482.000000
1300.000000
1485.000000
1284.000000
1488.000000
1268.000000
1490.000000
1250.000000
1491.000000
1234.000000
1491.000000
1216.000000
1491.000000
1200.000000
1492.000000
1184.000000
1491.000000
1168.000000
1491.000000
1150.000000
1492.000000
1132.000000
1491.000000
1116.000000
1491.000000
1098.000000
1493.000000
1082.000000
1494.000000
1064.000000
1488.000000
1050.000000
1478.000000
1046.000000
1468.000000
1045.000000
1456.000000
1045.000000
1445.000000
1047.000000
