1579.000000
631.000000
1571.000000
647.000000
1564.000000
669.000000
1560.000000
687.000000
1557.000000
707.000000
1556.000000
725.000000
1554.000000
743.000000
1552.000000
763.000000
1549.000000
781.000000
1545.000000
799.000000
1542.000000
817.000000
1540.000000
835.000000
1540.000000
853.000000
1542.000000
871.000000
1544.000000
893.000000
1545.000000
913.000000
1547.000000
929.000000
1559.000000
937.000000
1571.000000
936.000000
1583.000000
938.000000
1599.000000
940.000000
1611.000000
941.000000
1623.000000
931.000000
1633.000000
919.000000
1640.000000
899.000000
1641.000000
881.000000
1640.000000
863.000000
1636.000000
841.000000
1633.000000
823.000000
1631.000000
805.000000
1629.000000
787.000000
1624.000000
769.000000
1620.000000
749.000000
1618.000000
731.000000
1615.000000
711.000000
1614.000000
691.000000
1614.000000
671.000000
1609.000000
651.000000
1602.000000
637.000000
1592.000000
629.000000
