1633.000000
979.000000
1623.000000
980.000000
1613.000000
989.000000
1610.000000
1003.000000
1610.000000
1015.000000
1610.000000
1029.000000
1610.000000
1043.000000
1610.000000
1057.000000
1611.000000
1069.000000
1612.000000
1083.000000
1612.000000
1099.000000
1612.000000
1111.000000
1611.000000
1125.000000
1610.000000
1139.000000
1608.000000
1153.000000
1605.000000
1167.000000
1602.000000
1181.000000
1601.000000
1195.000000
1603.000000
1207.000000
1615.000000
1209.000000
1627.000000
1203.000000
1633.000000
1189.000000
1638.000000
1177.000000
1642.000000
1163.000000
1646.000000
1149.000000
1649.000000
1137.000000
1653.000000
1125.000000
1658.000000
1111.000000
1663.000000
1099.000000
1668.000000
1087.000000
1671.000000
1075.000000
1674.000000
1061.000000
1676.000000
1047.000000
1679.000000
1035.000000
1683.000000
1023.000000
1684.000000
1009.000000
1679.000000
995.000000
1669.000000
990.000000
1657.000000
985.000000
1647.000000
979.000000
