1371.000000
897.000000
1360.000000
908.000000
1358.000000
924.000000
1359.000000
940.000000
1361.000000
954.000000
1362.000000
968.000000
1364.000000
984.000000
1367.000000
996.000000
1369.000000
1010.000000
1372.000000
1026.000000
1374.000000
1042.000000
1375.000000
1054.000000
1378.000000
1070.000000
1380.000000
1086.000000
1380.000000
1100.000000
1381.000000
1116.000000
1381.000000
1134.000000
1378.000000
1150.000000
1387.000000
1157.000000
1399.000000
1153.000000
1410.000000
1142.000000
1415.000000
1126.000000
1418.000000
1108.000000
1421.000000
1090.000000
1423.000000
1076.000000
1423.000000
1060.000000
1423.000000
1042.000000
1422.000000
1028.000000
1422.000000
1012.000000
1422.000000
996.000000
1422.000000
982.000000
1423.000000
966.000000
1426.000000
950.000000
1430.000000
934.000000
1432.000000
920.000000
1429.000000
904.000000
1421.000000
892.000000
1409.000000
889.000000
1397.000000
890.000000
1383.000000
893.000000
