1483.000000
648.000000
1471.000000
663.000000
1470.000000
685.000000
1470.000000
705.000000
1469.000000
727.000000
1468.000000
747.000000
1467.000000
767.000000
1465.000000
787.000000
1461.000000
809.000000
1457.000000
827.000000
1452.000000
847.000000
1447.000000
867.000000
1443.000000
887.000000
1441.000000
907.000000
1439.000000
927.000000
1441.000000
949.000000
1442.000000
970.000000
1455.000000
979.000000
1471.000000
984.000000
1485.000000
988.000000
1499.000000
991.000000
1515.000000
991.000000
1529.000000
988.000000
1541.000000
973.000000
1543.000000
953.000000
1543.000000
933.000000
1544.000000
911.000000
1542.000000
891.000000
1539.000000
871.000000
1537.000000
853.000000
1537.000000
831.000000
1535.000000
811.000000
1536.000000
791.000000
1536.000000
767.000000
1535.000000
749.000000
1532.000000
727.000000
1526.000000
707.000000
1519.000000
681.000000
1510.000000
659.000000
1497.000000
648.000000
