1372.000000
1015.000000
1362.000000
1024.000000
1360.000000
1038.000000
1358.000000
1054.000000
1357.000000
1068.000000
1358.000000
1084.000000
1360.000000
1098.000000
1362.000000
1110.000000
1365.000000
1126.000000
1366.000000
1140.000000
1365.000000
1156.000000
1364.000000
1168.000000
1363.000000
1184.000000
1361.000000
1200.000000
1360.000000
1214.000000
1357.000000
1230.000000
1358.000000
1248.000000
1362.000000
1262.000000
1369.000000
1270.000000
1381.000000
1270.000000
1393.000000
1259.000000
1400.000000
1245.000000
1405.000000
1227.000000
1407.000000
1211.000000
1409.000000
1197.000000
1412.000000
1181.000000
1415.000000
1165.000000
1416.000000
1151.000000
1417.000000
1135.000000
1418.000000
1119.000000
1419.000000
1105.000000
1420.000000
1091.000000
1422.000000
1075.000000
1424.000000
1059.000000
1426.000000
1045.000000
1427.000000
1029.000000
1421.000000
1016.000000
1411.000000
1013.000000
1397.000000
1013.000000
1385.000000
1013.000000
