1632.000000
728.000000
1628.000000
734.000000
1625.000000
746.000000
1625.000000
756.000000
1624.000000
766.000000
1624.000000
774.000000
1624.000000
784.000000
1625.000000
794.000000
1626.000000
802.000000
1626.000000
810.000000
1627.000000
818.000000
1627.000000
828.000000
1626.000000
836.000000
1626.000000
846.000000
1626.000000
856.000000
1627.000000
864.000000
1631.000000
872.000000
1639.000000
874.000000
1649.000000
871.000000
1659.000000
865.000000
1671.000000
859.000000
1683.000000
854.000000
1693.000000
847.000000
1699.000000
835.000000
1700.000000
827.000000
1701.000000
817.000000
1701.000000
811.000000
1701.000000
801.000000
1701.000000
793.000000
1700.000000
785.000000
1698.000000
777.000000
1696.000000
769.000000
1692.000000
761.000000
1690.000000
755.000000
1686.000000
747.000000
1680.000000
739.000000
1672.000000
734.000000
1660.000000
728.000000
1652.000000
725.000000
1642.000000
724.000000
