1481.000000
1009.000000
1472.000000
1013.000000
1473.000000
1025.000000
1472.000000
1035.000000
1472.000000
1045.000000
1472.000000
1057.000000
1472.000000
1067.000000
1473.000000
1077.000000
1475.000000
1089.000000
1476.000000
1099.000000
1477.000000
1111.000000
1479.000000
1121.000000
1480.000000
1131.000000
1480.000000
1141.000000
1480.000000
1153.000000
1481.000000
1165.000000
1481.000000
1175.000000
1486.000000
1185.000000
1494.000000
1188.000000
1502.000000
1183.000000
1506.000000
1169.000000
1507.000000
1159.000000
1508.000000
1149.000000
1508.000000
1137.000000
1508.000000
1127.000000
1510.000000
1115.000000
1511.000000
1105.000000
1512.000000
1095.000000
1514.000000
1083.000000
1515.000000
1073.000000
1518.000000
1061.000000
1519.000000
1051.000000
1522.000000
1041.000000
1524.000000
1029.000000
1527.000000
1019.000000
1525.000000
1009.000000
1515.000000
1007.000000
1507.000000
1008.000000
1499.000000
1009.000000
1489.000000
1009.000000
