1576.000000
675.000000
1567.000000
685.000000
1563.000000
705.000000
1564.000000
721.000000
1565.000000
739.000000
1565.000000
753.000000
1566.000000
771.000000
1567.000000
789.000000
1569.000000
805.000000
1571.000000
823.000000
1573.000000
837.000000
1574.000000
855.000000
1576.000000
871.000000
1580.000000
891.000000
1583.000000
907.000000
1584.000000
923.000000
1585.000000
943.000000
1595.000000
951.000000
1607.000000
951.000000
1619.000000
950.000000
1633.000000
950.000000
1647.000000
948.000000
1654.000000
936.000000
1659.000000
916.000000
1659.000000
900.000000
1659.000000
882.000000
1659.000000
868.000000
1657.000000
850.000000
1654.000000
834.000000
1651.000000
820.000000
1647.000000
802.000000
1645.000000
788.000000
1644.000000
770.000000
1642.000000
756.000000
1640.000000
738.000000
1637.000000
720.000000
1632.000000
708.000000
1618.000000
690.000000
1604.000000
681.000000
1590.000000
675.000000
