1449.000000
1017.000000
1441.000000
1023.000000
1438.000000
1035.000000
1437.000000
1049.000000
1437.000000
1061.000000
1437.000000
1075.000000
1439.000000
1089.000000
1441.000000
1101.000000
1442.000000
1113.000000
1442.000000
1125.000000
1442.000000
1141.000000
1441.000000
1153.000000
1441.000000
1165.000000
1441.000000
1177.000000
1440.000000
1189.000000
1440.000000
1203.000000
1441.000000
1217.000000
1446.000000
1229.000000
1456.000000
1232.000000
1468.000000
1226.000000
1475.000000
1214.000000
1478.000000
1202.000000
1480.000000
1190.000000
1481.000000
1178.000000
1482.000000
1166.000000
1484.000000
1152.000000
1485.000000
1140.000000
1487.000000
1126.000000
1490.000000
1114.000000
1493.000000
1102.000000
1495.000000
1088.000000
1496.000000
1076.000000
1497.000000
1064.000000
1498.000000
1050.000000
1499.000000
1038.000000
1494.000000
1026.000000
1486.000000
1021.000000
1476.000000
1018.000000
1468.000000
1017.000000
1458.000000
1017.000000
