1439.000000
929.000000
1433.000000
940.000000
1433.000000
956.000000
1434.000000
972.000000
1436.000000
988.000000
1440.000000
1004.000000
1445.000000
1020.000000
1448.000000
1034.000000
1452.000000
1050.000000
1456.000000
1066.000000
1460.000000
1082.000000
1463.000000
1098.000000
1467.000000
1112.000000
1471.000000
1128.000000
1475.000000
1144.000000
1481.000000
1160.000000
1486.000000
1176.000000
1492.000000
1192.000000
1502.000000
1193.000000
1511.000000
1182.000000
1513.000000
1164.000000
1513.000000
1148.000000
1511.000000
1132.000000
1509.000000
1116.000000
1507.000000
1102.000000
1504.000000
1084.000000
1502.000000
1068.000000
1500.000000
1052.000000
1497.000000
1038.000000
1495.000000
1022.000000
1493.000000
1004.000000
1492.000000
988.000000
1492.000000
972.000000
1493.000000
956.000000
1491.000000
940.000000
1486.000000
928.000000
1477.000000
923.000000
1467.000000
925.000000
1457.000000
926.000000
1449.000000
927.000000
