1535.000000
1022.000000
1525.000000
1021.000000
1512.000000
1020.000000
1500.000000
1022.000000
1490.000000
1025.000000
1485.000000
1038.000000
1484.000000
1054.000000
1485.000000
1068.000000
1487.000000
1082.000000
1488.000000
1096.000000
1489.000000
1112.000000
1491.000000
1126.000000
1491.000000
1140.000000
1491.000000
1156.000000
1491.000000
1172.000000
1490.000000
1186.000000
1489.000000
1202.000000
1488.000000
1218.000000
1486.000000
1234.000000
1488.000000
1248.000000
1492.000000
1264.000000
1500.000000
1272.000000
1510.000000
1269.000000
1519.000000
1253.000000
1522.000000
1237.000000
1528.000000
1221.000000
1533.000000
1209.000000
1538.000000
1193.000000
1542.000000
1177.000000
1543.000000
1163.000000
1544.000000
1149.000000
1548.000000
1133.000000
1549.000000
1119.000000
1550.000000
1105.000000
1553.000000
1091.000000
1554.000000
1075.000000
1557.000000
1059.000000
1558.000000
1047.000000
1556.000000
1031.000000
1547.000000
1025.000000
