1572.000000
698.000000
1566.000000
710.000000
1568.000000
730.000000
1572.000000
746.000000
1578.000000
762.000000
1584.000000
778.000000
1590.000000
794.000000
1598.000000
810.000000
1603.000000
824.000000
1610.000000
842.000000
1615.000000
854.000000
1619.000000
872.000000
1619.000000
886.000000
1621.000000
904.000000
1623.000000
920.000000
1629.000000
934.000000
1635.000000
948.000000
1645.000000
954.000000
1659.000000
953.000000
1669.000000
950.000000
1681.000000
943.000000
1693.000000
934.000000
1701.000000
922.000000
1702.000000
904.000000
1701.000000
890.000000
1696.000000
872.000000
1691.000000
860.000000
1683.000000
846.000000
1675.000000
832.000000
1668.000000
820.000000
1659.000000
804.000000
1652.000000
792.000000
1644.000000
776.000000
1639.000000
762.000000
1632.000000
746.000000
1626.000000
728.000000
1619.000000
716.000000
1604.000000
701.000000
1592.000000
694.000000
1580.000000
694.000000
