1566.000000
925.000000
1554.000000
931.000000
1547.000000
945.000000
1545.000000
961.000000
1545.000000
977.000000
1546.000000
993.000000
1548.000000
1009.000000
1552.000000
1023.000000
1556.000000
1039.000000
1558.000000
1055.000000
1559.000000
1073.000000
1559.000000
1089.000000
1559.000000
1107.000000
1559.000000
1123.000000
1560.000000
1141.000000
1560.000000
1157.000000
1560.000000
1175.000000
1562.000000
1191.000000
1571.000000
1204.000000
1581.000000
1206.000000
1591.000000
1194.000000
1592.000000
1174.000000
1594.000000
1158.000000
1597.000000
1140.000000
1600.000000
1124.000000
1601.000000
1106.000000
1603.000000
1090.000000
1603.000000
1074.000000
1603.000000
1058.000000
1604.000000
1040.000000
1607.000000
1026.000000
1610.000000
1006.000000
1612.000000
990.000000
1614.000000
974.000000
1617.000000
958.000000
1616.000000
942.000000
1610.000000
926.000000
1600.000000
923.000000
1590.000000
923.000000
1578.000000
923.000000
