1611.000000
1056.000000
1601.000000
1062.000000
1596.000000
1076.000000
1593.000000
1092.000000
1589.000000
1106.000000
1585.000000
1120.000000
1582.000000
1136.000000
1581.000000
1150.000000
1581.000000
1162.000000
1581.000000
1176.000000
1581.000000
1190.000000
1580.000000
1204.000000
1578.000000
1218.000000
1577.000000
1232.000000
1577.000000
1246.000000
1577.000000
1260.000000
1577.000000
1272.000000
1579.000000
1286.000000
1587.000000
1297.000000
1595.000000
1299.000000
1603.000000
1288.000000
1606.000000
1272.000000
1608.000000
1258.000000
1611.000000
1244.000000
1614.000000
1230.000000
1617.000000
1216.000000
1620.000000
1202.000000
1623.000000
1190.000000
1630.000000
1176.000000
1635.000000
1160.000000
1637.000000
1146.000000
1638.000000
1130.000000
1640.000000
1116.000000
1642.000000
1100.000000
1644.000000
1084.000000
1645.000000
1070.000000
1642.000000
1056.000000
1635.000000
1051.000000
1627.000000
1051.000000
1619.000000
1053.000000
