1370.000000
918.000000
1360.000000
928.000000
1357.000000
946.000000
1356.000000
964.000000
1356.000000
978.000000
1356.000000
996.000000
1357.000000
1012.000000
1359.000000
1028.000000
1361.000000
1044.000000
1363.000000
1060.000000
1364.000000
1078.000000
1364.000000
1092.000000
1364.000000
1110.000000
1363.000000
1128.000000
1363.000000
1144.000000
1362.000000
1162.000000
1362.000000
1182.000000
1363.000000
1198.000000
1366.000000
1209.000000
1376.000000
1208.000000
1385.000000
1197.000000
1391.000000
1179.000000
1394.000000
1161.000000
1397.000000
1141.000000
1399.000000
1125.000000
1400.000000
1107.000000
1401.000000
1091.000000
1403.000000
1075.000000
1406.000000
1057.000000
1408.000000
1041.000000
1412.000000
1023.000000
1415.000000
1009.000000
1418.000000
991.000000
1418.000000
973.000000
1420.000000
957.000000
1421.000000
939.000000
1416.000000
923.000000
1406.000000
920.000000
1394.000000
918.000000
1382.000000
917.000000
