1602.000000
997.000000
1590.000000
1002.000000
1584.000000
1015.000000
1582.000000
1031.000000
1581.000000
1047.000000
1583.000000
1061.000000
1588.000000
1077.000000
1593.000000
1091.000000
1596.000000
1105.000000
1598.000000
1121.000000
1598.000000
1137.000000
1599.000000
1153.000000
1602.000000
1169.000000
1607.000000
1185.000000
1613.000000
1203.000000
1619.000000
1221.000000
1626.000000
1239.000000
1632.000000
1257.000000
1637.000000
1277.000000
1647.000000
1281.000000
1650.000000
1265.000000
1647.000000
1243.000000
1642.000000
1221.000000
1641.000000
1205.000000
1639.000000
1187.000000
1639.000000
1171.000000
1639.000000
1155.000000
1640.000000
1141.000000
1643.000000
1125.000000
1646.000000
1111.000000
1649.000000
1095.000000
1652.000000
1079.000000
1654.000000
1063.000000
1655.000000
1047.000000
1657.000000
1033.000000
1656.000000
1015.000000
1647.000000
1001.000000
1637.000000
998.000000
1625.000000
994.000000
1615.000000
994.000000
