1442.000000
1062.000000
1434.000000
1070.000000
1434.000000
1086.000000
1436.000000
1100.000000
1438.000000
1112.000000
1442.000000
1128.000000
1444.000000
1142.000000
1447.000000
1156.000000
1451.000000
1170.000000
1454.000000
1184.000000
1458.000000
1200.000000
1461.000000
1212.000000
1464.000000
1226.000000
1466.000000
1240.000000
1468.000000
1254.000000
1471.000000
1272.000000
1475.000000
1286.000000
1484.000000
1298.000000
1492.000000
1300.000000
1501.000000
1291.000000
1503.000000
1273.000000
1502.000000
1259.000000
1501.000000
1245.000000
1500.000000
1231.000000
1499.000000
1217.000000
1499.000000
1201.000000
1499.000000
1185.000000
1498.000000
1171.000000
1498.000000
1157.000000
1497.000000
1143.000000
1496.000000
1127.000000
1498.000000
1113.000000
1499.000000
1097.000000
1499.000000
1083.000000
1497.000000
1067.000000
1489.000000
1055.000000
1481.000000
1053.000000
1470.000000
1054.000000
1462.000000
1056.000000
1452.000000
1058.000000
