1558.000000
1021.000000
1550.000000
1020.000000
1542.000000
1018.000000
1531.000000
1018.000000
1523.000000
1023.000000
1518.000000
1035.000000
1514.000000
1049.000000
1510.000000
1063.000000
1507.000000
1075.000000
1506.000000
1091.000000
1507.000000
1105.000000
1507.000000
1117.000000
1507.000000
1131.000000
1504.000000
1145.000000
1502.000000
1159.000000
1500.000000
1171.000000
1499.000000
1185.000000
1499.000000
1199.000000
1497.000000
1213.000000
1498.000000
1227.000000
1500.000000
1239.000000
1511.000000
1246.000000
1523.000000
1243.000000
1535.000000
1233.000000
1541.000000
1219.000000
1545.000000
1205.000000
1548.000000
1193.000000
1551.000000
1179.000000
1554.000000
1165.000000
1556.000000
1151.000000
1557.000000
1141.000000
1559.000000
1127.000000
1561.000000
1113.000000
1563.000000
1101.000000
1567.000000
1087.000000
1569.000000
1073.000000
1572.000000
1059.000000
1574.000000
1047.000000
1573.000000
1033.000000
1568.000000
1025.000000
