1472.000000
1061.000000
1463.000000
1066.000000
1463.000000
1080.000000
1464.000000
1094.000000
1461.000000
1108.000000
1459.000000
1124.000000
1458.000000
1138.000000
1457.000000
1152.000000
1457.000000
1166.000000
1457.000000
1180.000000
1456.000000
1196.000000
1455.000000
1208.000000
1453.000000
1222.000000
1452.000000
1236.000000
1450.000000
1250.000000
1449.000000
1266.000000
1450.000000
1278.000000
1454.000000
1292.000000
1464.000000
1297.000000
1474.000000
1293.000000
1480.000000
1279.000000
1482.000000
1265.000000
1484.000000
1251.000000
1486.000000
1237.000000
1487.000000
1223.000000
1489.000000
1209.000000
1491.000000
1195.000000
1493.000000
1181.000000
1496.000000
1169.000000
1499.000000
1155.000000
1502.000000
1139.000000
1505.000000
1125.000000
1507.000000
1111.000000
1509.000000
1097.000000
1510.000000
1083.000000
1508.000000
1069.000000
1503.000000
1064.000000
1495.000000
1062.000000
1487.000000
1062.000000
1479.000000
1061.000000
