1588.000000
978.000000
1578.000000
975.000000
1566.000000
970.000000
1554.000000
969.000000
1544.000000
972.000000
1538.000000
984.000000
1537.000000
998.000000
1538.000000
1012.000000
1538.000000
1024.000000
1539.000000
1038.000000
1541.000000
1054.000000
1542.000000
1066.000000
1543.000000
1080.000000
1543.000000
1094.000000
1543.000000
1110.000000
1543.000000
1122.000000
1544.000000
1136.000000
1544.000000
1152.000000
1544.000000
1166.000000
1545.000000
1180.000000
1547.000000
1194.000000
1557.000000
1202.000000
1567.000000
1200.000000
1575.000000
1188.000000
1580.000000
1174.000000
1584.000000
1160.000000
1586.000000
1146.000000
1589.000000
1132.000000
1591.000000
1118.000000
1594.000000
1104.000000
1597.000000
1092.000000
1598.000000
1078.000000
1599.000000
1064.000000
1601.000000
1052.000000
1603.000000
1038.000000
1604.000000
1026.000000
1608.000000
1012.000000
1610.000000
1000.000000
1611.000000
986.000000
1600.000000
979.000000
