1469.000000
773.000000
1460.000000
783.000000
1458.000000
795.000000
1457.000000
807.000000
1456.000000
821.000000
1456.000000
833.000000
1455.000000
845.000000
1454.000000
857.000000
1450.000000
871.000000
1447.000000
883.000000
1443.000000
893.000000
1439.000000
907.000000
1438.000000
921.000000
1438.000000
933.000000
1438.000000
947.000000
1439.000000
961.000000
1441.000000
975.000000
1450.000000
982.000000
1458.000000
984.000000
1470.000000
987.000000
1478.000000
988.000000
1488.000000
990.000000
1498.000000
988.000000
1505.000000
978.000000
1508.000000
964.000000
1510.000000
952.000000
1511.000000
938.000000
1509.000000
926.000000
1508.000000
912.000000
1507.000000
900.000000
1505.000000
886.000000
1504.000000
874.000000
1504.000000
860.000000
1507.000000
846.000000
1508.000000
834.000000
1507.000000
822.000000
1505.000000
810.000000
1500.000000
794.000000
1491.000000
781.000000
1481.000000
775.000000
