1570.000000
671.000000
1558.000000
685.000000
1552.000000
709.000000
1547.000000
729.000000
1543.000000
749.000000
1539.000000
771.000000
1536.000000
791.000000
1535.000000
813.000000
1534.000000
833.000000
1531.000000
853.000000
1528.000000
873.000000
1524.000000
893.000000
1520.000000
911.000000
1522.000000
931.000000
1524.000000
955.000000
1526.000000
975.000000
1529.000000
995.000000
1539.000000
1003.000000
1549.000000
1005.000000
1559.000000
1008.000000
1571.000000
1009.000000
1583.000000
1006.000000
1593.000000
1000.000000
1602.000000
986.000000
1605.000000
966.000000
1607.000000
946.000000
1608.000000
926.000000
1606.000000
904.000000
1600.000000
884.000000
1599.000000
864.000000
1599.000000
844.000000
1601.000000
822.000000
1603.000000
802.000000
1601.000000
782.000000
1601.000000
758.000000
1600.000000
738.000000
1600.000000
716.000000
1599.000000
692.000000
1591.000000
676.000000
1581.000000
670.000000
