1421.000000
1086.000000
1412.000000
1095.000000
1411.000000
1109.000000
1411.000000
1125.000000
1413.000000
1137.000000
1414.000000
1151.000000
1415.000000
1167.000000
1417.000000
1179.000000
1420.000000
1193.000000
1423.000000
1209.000000
1425.000000
1223.000000
1428.000000
1237.000000
1431.000000
1253.000000
1433.000000
1269.000000
1434.000000
1283.000000
1438.000000
1299.000000
1443.000000
1317.000000
1449.000000
1331.000000
1458.000000
1339.000000
1468.000000
1339.000000
1476.000000
1330.000000
1478.000000
1316.000000
1476.000000
1298.000000
1474.000000
1282.000000
1472.000000
1268.000000
1469.000000
1252.000000
1467.000000
1236.000000
1466.000000
1222.000000
1464.000000
1206.000000
1464.000000
1192.000000
1465.000000
1176.000000
1466.000000
1162.000000
1468.000000
1148.000000
1470.000000
1132.000000
1472.000000
1120.000000
1472.000000
1104.000000
1464.000000
1091.000000
1456.000000
1087.000000
1444.000000
1086.000000
1432.000000
1085.000000
