1489.000000
734.000000
1475.000000
746.000000
1470.000000
760.000000
1467.000000
776.000000
1465.000000
792.000000
1464.000000
806.000000
1463.000000
822.000000
1462.000000
836.000000
1460.000000
852.000000
1458.000000
866.000000
1457.000000
880.000000
1457.000000
896.000000
1456.000000
912.000000
1456.000000
926.000000
1457.000000
942.000000
1459.000000
958.000000
1468.000000
973.000000
1482.000000
980.000000
1496.000000
984.000000
1512.000000
987.000000
1526.000000
986.000000
1540.000000
983.000000
1554.000000
977.000000
1566.000000
964.000000
1570.000000
950.000000
1569.000000
934.000000
1567.000000
916.000000
1564.000000
902.000000
1560.000000
888.000000
1557.000000
872.000000
1554.000000
856.000000
1552.000000
842.000000
1550.000000
828.000000
1548.000000
810.000000
1546.000000
796.000000
1546.000000
782.000000
1543.000000
766.000000
1537.000000
750.000000
1525.000000
736.000000
1507.000000
733.000000
