1503.000000
698.000000
1488.000000
709.000000
1481.000000
727.000000
1479.000000
743.000000
1475.000000
761.000000
1474.000000
777.000000
1473.000000
793.000000
1471.000000
813.000000
1471.000000
829.000000
1469.000000
845.000000
1467.000000
861.000000
1463.000000
877.000000
1461.000000
893.000000
1460.000000
909.000000
1462.000000
929.000000
1465.000000
945.000000
1470.000000
959.000000
1483.000000
967.000000
1495.000000
968.000000
1509.000000
968.000000
1523.000000
966.000000
1537.000000
964.000000
1549.000000
960.000000
1561.000000
949.000000
1565.000000
931.000000
1566.000000
915.000000
1565.000000
899.000000
1564.000000
881.000000
1563.000000
865.000000
1560.000000
849.000000
1558.000000
833.000000
1558.000000
815.000000
1559.000000
799.000000
1558.000000
783.000000
1555.000000
763.000000
1553.000000
747.000000
1552.000000
729.000000
1545.000000
711.000000
1534.000000
699.000000
1518.000000
696.000000
