1639.000000
704.000000
1632.000000
714.000000
1629.000000
734.000000
1628.000000
748.000000
1627.000000
766.000000
1627.000000
780.000000
1626.000000
796.000000
1625.000000
814.000000
1625.000000
828.000000
1628.000000
844.000000
1632.000000
856.000000
1633.000000
872.000000
1632.000000
886.000000
1632.000000
902.000000
1635.000000
920.000000
1638.000000
934.000000
1643.000000
946.000000
1651.000000
955.000000
1661.000000
958.000000
1670.000000
951.000000
1677.000000
943.000000
1685.000000
933.000000
1692.000000
919.000000
1697.000000
901.000000
1700.000000
887.000000
1699.000000
871.000000
1696.000000
861.000000
1689.000000
849.000000
1683.000000
835.000000
1680.000000
823.000000
1678.000000
809.000000
1678.000000
795.000000
1680.000000
779.000000
1681.000000
765.000000
1682.000000
749.000000
1679.000000
735.000000
1675.000000
723.000000
1666.000000
709.000000
1658.000000
703.000000
1648.000000
700.000000
