1449.000000
997.000000
1441.000000
1004.000000
1440.000000
1016.000000
1441.000000
1030.000000
1442.000000
1044.000000
1444.000000
1058.000000
1447.000000
1072.000000
1449.000000
1084.000000
1451.000000
1098.000000
1454.000000
1112.000000
1457.000000
1126.000000
1461.000000
1140.000000
1465.000000
1152.000000
1470.000000
1166.000000
1473.000000
1180.000000
1480.000000
1194.000000
1488.000000
1208.000000
1496.000000
1222.000000
1506.000000
1224.000000
1516.000000
1216.000000
1518.000000
1202.000000
1517.000000
1188.000000
1515.000000
1174.000000
1514.000000
1162.000000
1512.000000
1148.000000
1510.000000
1134.000000
1510.000000
1120.000000
1510.000000
1106.000000
1511.000000
1094.000000
1511.000000
1080.000000
1511.000000
1064.000000
1511.000000
1052.000000
1513.000000
1038.000000
1514.000000
1024.000000
1514.000000
1012.000000
1507.000000
999.000000
1497.000000
996.000000
1485.000000
996.000000
1473.000000
996.000000
1461.000000
996.000000
