1541.000000
1040.000000
1531.000000
1040.000000
1519.000000
1044.000000
1509.000000
1050.000000
1501.000000
1056.000000
1497.000000
1072.000000
1498.000000
1090.000000
1500.000000
1106.000000
1501.000000
1120.000000
1503.000000
1136.000000
1506.000000
1152.000000
1509.000000
1166.000000
1513.000000
1182.000000
1516.000000
1196.000000
1519.000000
1214.000000
1521.000000
1228.000000
1524.000000
1244.000000
1526.000000
1260.000000
1528.000000
1278.000000
1531.000000
1292.000000
1535.000000
1308.000000
1543.000000
1315.000000
1551.000000
1307.000000
1558.000000
1289.000000
1562.000000
1271.000000
1565.000000
1255.000000
1566.000000
1241.000000
1566.000000
1223.000000
1566.000000
1207.000000
1566.000000
1191.000000
1566.000000
1177.000000
1566.000000
1161.000000
1566.000000
1145.000000
1567.000000
1131.000000
1568.000000
1115.000000
1569.000000
1099.000000
1570.000000
1081.000000
1567.000000
1067.000000
1561.000000
1051.000000
1551.000000
1043.000000
