1581.000000
689.000000
1568.000000
699.000000
1559.000000
721.000000
1557.000000
737.000000
1557.000000
757.000000
1557.000000
773.000000
1559.000000
791.000000
1562.000000
809.000000
1565.000000
823.000000
1568.000000
843.000000
1569.000000
857.000000
1573.000000
875.000000
1575.000000
891.000000
1577.000000
909.000000
1578.000000
927.000000
1582.000000
943.000000
1587.000000
959.000000
1599.000000
964.000000
1617.000000
968.000000
1629.000000
967.000000
1645.000000
964.000000
1659.000000
956.000000
1670.000000
942.000000
1676.000000
924.000000
1677.000000
906.000000
1676.000000
888.000000
1674.000000
874.000000
1671.000000
856.000000
1668.000000
838.000000
1667.000000
824.000000
1664.000000
806.000000
1660.000000
790.000000
1655.000000
774.000000
1650.000000
758.000000
1645.000000
742.000000
1640.000000
724.000000
1635.000000
710.000000
1625.000000
690.000000
1613.000000
682.000000
1595.000000
684.000000
