1541.000000
697.000000
1534.000000
713.000000
1530.000000
733.000000
1525.000000
753.000000
1523.000000
771.000000
1523.000000
789.000000
1524.000000
805.000000
1526.000000
823.000000
1526.000000
841.000000
1523.000000
857.000000
1515.000000
873.000000
1512.000000
889.000000
1512.000000
907.000000
1513.000000
923.000000
1514.000000
943.000000
1515.000000
961.000000
1520.000000
975.000000
1531.000000
982.000000
1543.000000
982.000000
1555.000000
979.000000
1567.000000
977.000000
1579.000000
974.000000
1591.000000
971.000000
1601.000000
958.000000
1604.000000
940.000000
1606.000000
922.000000
1607.000000
906.000000
1606.000000
888.000000
1602.000000
872.000000
1596.000000
856.000000
1590.000000
840.000000
1589.000000
822.000000
1589.000000
806.000000
1588.000000
788.000000
1585.000000
768.000000
1580.000000
750.000000
1575.000000
734.000000
1567.000000
712.000000
1562.000000
698.000000
1551.000000
690.000000
