1416.000000
529.000000
1409.000000
549.000000
1405.000000
571.000000
1403.000000
589.000000
1400.000000
613.000000
1399.000000
631.000000
1400.000000
651.000000
1401.000000
671.000000
1401.000000
691.000000
1402.000000
711.000000
1399.000000
731.000000
1394.000000
749.000000
1392.000000
769.000000
1392.000000
789.000000
1394.000000
807.000000
1398.000000
829.000000
1402.000000
849.000000
1416.000000
859.000000
1428.000000
861.000000
1442.000000
862.000000
1454.000000
863.000000
1468.000000
862.000000
1480.000000
854.000000
1488.000000
838.000000
1491.000000
820.000000
1489.000000
800.000000
1486.000000
778.000000
1481.000000
760.000000
1474.000000
742.000000
1467.000000
722.000000
1463.000000
702.000000
1461.000000
682.000000
1460.000000
664.000000
1459.000000
642.000000
1457.000000
622.000000
1456.000000
602.000000
1454.000000
582.000000
1449.000000
558.000000
1441.000000
538.000000
1430.000000
527.000000
