1355.000000
696.000000
1345.000000
710.000000
1343.000000
728.000000
1343.000000
746.000000
1342.000000
762.000000
1341.000000
780.000000
1341.000000
798.000000
1341.000000
814.000000
1343.000000
832.000000
1342.000000
848.000000
1341.000000
866.000000
1340.000000
882.000000
1338.000000
900.000000
1336.000000
918.000000
1338.000000
936.000000
1340.000000
952.000000
1343.000000
970.000000
1351.000000
988.000000
1361.000000
992.000000
1373.000000
993.000000
1385.000000
993.000000
1395.000000
992.000000
1400.000000
976.000000
1401.000000
958.000000
1401.000000
940.000000
1400.000000
922.000000
1399.000000
906.000000
1399.000000
888.000000
1399.000000
872.000000
1399.000000
856.000000
1397.000000
838.000000
1393.000000
824.000000
1389.000000
808.000000
1387.000000
790.000000
1386.000000
774.000000
1384.000000
756.000000
1384.000000
740.000000
1383.000000
724.000000
1377.000000
708.000000
1366.000000
696.000000
