1555.000000
922.000000
1543.000000
925.000000
1535.000000
939.000000
1537.000000
951.000000
1540.000000
963.000000
1544.000000
977.000000
1546.000000
991.000000
1547.000000
1003.000000
1549.000000
1017.000000
1550.000000
1031.000000
1550.000000
1049.000000
1550.000000
1063.000000
1550.000000
1079.000000
1549.000000
1095.000000
1548.000000
1113.000000
1548.000000
1129.000000
1549.000000
1143.000000
1553.000000
1157.000000
1560.000000
1168.000000
1569.000000
1170.000000
1575.000000
1155.000000
1578.000000
1137.000000
1580.000000
1121.000000
1580.000000
1105.000000
1582.000000
1089.000000
1584.000000
1073.000000
1585.000000
1057.000000
1586.000000
1041.000000
1588.000000
1025.000000
1590.000000
1011.000000
1593.000000
997.000000
1597.000000
979.000000
1598.000000
965.000000
1600.000000
951.000000
1604.000000
935.000000
1608.000000
919.000000
1603.000000
906.000000
1591.000000
909.000000
1579.000000
913.000000
1567.000000
918.000000
