1626.000000
1018.000000
1614.000000
1022.000000
1606.000000
1031.000000
1605.000000
1043.000000
1606.000000
1055.000000
1608.000000
1067.000000
1610.000000
1079.000000
1613.000000
1091.000000
1615.000000
1103.000000
1617.000000
1115.000000
1620.000000
1129.000000
1622.000000
1141.000000
1626.000000
1153.000000
1630.000000
1165.000000
1635.000000
1179.000000
1640.000000
1191.000000
1642.000000
1203.000000
1645.000000
1215.000000
1655.000000
1226.000000
1667.000000
1227.000000
1677.000000
1217.000000
1681.000000
1203.000000
1682.000000
1191.000000
1682.000000
1179.000000
1682.000000
1167.000000
1682.000000
1155.000000
1682.000000
1143.000000
1682.000000
1131.000000
1682.000000
1119.000000
1683.000000
1107.000000
1684.000000
1095.000000
1686.000000
1081.000000
1686.000000
1069.000000
1687.000000
1057.000000
1687.000000
1045.000000
1685.000000
1033.000000
1676.000000
1022.000000
1664.000000
1018.000000
1652.000000
1018.000000
1640.000000
1018.000000
