1553.000000
772.000000
1541.000000
783.000000
1535.000000
797.000000
1531.000000
811.000000
1528.000000
825.000000
1526.000000
839.000000
1524.000000
853.000000
1522.000000
869.000000
1520.000000
883.000000
1520.000000
897.000000
1520.000000
911.000000
1519.000000
925.000000
1518.000000
937.000000
1518.000000
951.000000
1519.000000
967.000000
1521.000000
981.000000
1527.000000
993.000000
1541.000000
997.000000
1555.000000
1000.000000
1569.000000
999.000000
1585.000000
996.000000
1599.000000
996.000000
1613.000000
994.000000
1627.000000
985.000000
1630.000000
971.000000
1630.000000
957.000000
1630.000000
943.000000
1629.000000
927.000000
1627.000000
915.000000
1625.000000
901.000000
1621.000000
887.000000
1618.000000
873.000000
1617.000000
859.000000
1616.000000
845.000000
1614.000000
829.000000
1612.000000
815.000000
1609.000000
801.000000
1599.000000
785.000000
1585.000000
777.000000
1569.000000
772.000000
