1456.000000
1025.000000
1445.000000
1031.000000
1444.000000
1043.000000
1444.000000
1055.000000
1446.000000
1067.000000
1448.000000
1081.000000
1451.000000
1093.000000
1455.000000
1105.000000
1458.000000
1117.000000
1461.000000
1129.000000
1465.000000
1143.000000
1467.000000
1155.000000
1469.000000
1167.000000
1471.000000
1179.000000
1473.000000
1191.000000
1477.000000
1205.000000
1481.000000
1217.000000
1489.000000
1229.000000
1501.000000
1232.000000
1513.000000
1226.000000
1517.000000
1212.000000
1518.000000
1200.000000
1518.000000
1188.000000
1518.000000
1176.000000
1518.000000
1164.000000
1518.000000
1150.000000
1518.000000
1138.000000
1518.000000
1126.000000
1519.000000
1114.000000
1519.000000
1102.000000
1520.000000
1088.000000
1521.000000
1076.000000
1523.000000
1064.000000
1524.000000
1052.000000
1525.000000
1040.000000
1517.000000
1028.000000
1507.000000
1026.000000
1493.000000
1025.000000
1481.000000
1026.000000
1469.000000
1025.000000
