1379.000000
670.000000
1370.000000
686.000000
1364.000000
706.000000
1359.000000
722.000000
1356.000000
740.000000
1353.000000
758.000000
1349.000000
774.000000
1347.000000
790.000000
1344.000000
808.000000
1341.000000
824.000000
1337.000000
842.000000
1333.000000
856.000000
1329.000000
874.000000
1325.000000
890.000000
1324.000000
908.000000
1326.000000
924.000000
1331.000000
940.000000
1340.000000
954.000000
1356.000000
956.000000
1370.000000
956.000000
1386.000000
959.000000
1400.000000
958.000000
1406.000000
941.000000
1408.000000
925.000000
1408.000000
909.000000
1405.000000
891.000000
1401.000000
875.000000
1401.000000
859.000000
1401.000000
843.000000
1402.000000
827.000000
1402.000000
811.000000
1402.000000
797.000000
1402.000000
781.000000
1403.000000
765.000000
1404.000000
747.000000
1403.000000
731.000000
1402.000000
713.000000
1401.000000
697.000000
1401.000000
679.000000
1393.000000
668.000000
