1374.000000
1028.000000
1362.000000
1035.000000
1361.000000
1049.000000
1362.000000
1063.000000
1363.000000
1075.000000
1363.000000
1089.000000
1364.000000
1101.000000
1364.000000
1113.000000
1364.000000
1127.000000
1365.000000
1141.000000
1366.000000
1153.000000
1367.000000
1165.000000
1368.000000
1179.000000
1370.000000
1193.000000
1372.000000
1205.000000
1374.000000
1219.000000
1377.000000
1235.000000
1379.000000
1247.000000
1389.000000
1253.000000
1405.000000
1253.000000
1421.000000
1247.000000
1426.000000
1235.000000
1429.000000
1221.000000
1432.000000
1207.000000
1434.000000
1195.000000
1434.000000
1181.000000
1434.000000
1167.000000
1433.000000
1155.000000
1433.000000
1141.000000
1433.000000
1127.000000
1433.000000
1115.000000
1434.000000
1101.000000
1435.000000
1089.000000
1436.000000
1075.000000
1437.000000
1061.000000
1436.000000
1049.000000
1427.000000
1036.000000
1415.000000
1031.000000
1401.000000
1030.000000
1387.000000
1029.000000
