1594.000000
527.000000
1589.000000
535.000000
1588.000000
561.000000
1589.000000
579.000000
1591.000000
601.000000
1592.000000
619.000000
1593.000000
641.000000
1594.000000
661.000000
1594.000000
677.000000
1593.000000
697.000000
1591.000000
713.000000
1588.000000
733.000000
1584.000000
749.000000
1584.000000
769.000000
1587.000000
789.000000
1589.000000
807.000000
1594.000000
827.000000
1602.000000
841.000000
1612.000000
847.000000
1620.000000
849.000000
1632.000000
846.000000
1641.000000
839.000000
1649.000000
829.000000
1655.000000
811.000000
1656.000000
793.000000
1654.000000
773.000000
1652.000000
757.000000
1650.000000
737.000000
1647.000000
717.000000
1645.000000
701.000000
1641.000000
681.000000
1638.000000
665.000000
1635.000000
645.000000
1633.000000
629.000000
1631.000000
609.000000
1627.000000
587.000000
1623.000000
569.000000
1619.000000
545.000000
1611.000000
531.000000
1603.000000
525.000000
