1570.000000
557.000000
1564.000000
568.000000
1567.000000
588.000000
1572.000000
604.000000
1579.000000
624.000000
1583.000000
640.000000
1587.000000
658.000000
1590.000000
676.000000
1593.000000
692.000000
1597.000000
710.000000
1601.000000
726.000000
1606.000000
744.000000
1608.000000
758.000000
1609.000000
776.000000
1611.000000
794.000000
1613.000000
808.000000
1619.000000
826.000000
1628.000000
834.000000
1642.000000
832.000000
1654.000000
829.000000
1668.000000
826.000000
1682.000000
821.000000
1692.000000
811.000000
1694.000000
793.000000
1692.000000
779.000000
1687.000000
761.000000
1682.000000
747.000000
1676.000000
731.000000
1670.000000
715.000000
1662.000000
701.000000
1653.000000
683.000000
1647.000000
671.000000
1640.000000
653.000000
1636.000000
637.000000
1632.000000
619.000000
1627.000000
601.000000
1620.000000
587.000000
1604.000000
569.000000
1592.000000
560.000000
1580.000000
556.000000
