1420.000000
1019.000000
1409.000000
1025.000000
1409.000000
1041.000000
1410.000000
1057.000000
1411.000000
1071.000000
1413.000000
1089.000000
1415.000000
1103.000000
1417.000000
1119.000000
1419.000000
1135.000000
1420.000000
1149.000000
1422.000000
1167.000000
1422.000000
1183.000000
1423.000000
1199.000000
1424.000000
1213.000000
1423.000000
1229.000000
1423.000000
1247.000000
1424.000000
1263.000000
1433.000000
1279.000000
1443.000000
1284.000000
1454.000000
1275.000000
1460.000000
1259.000000
1461.000000
1243.000000
1464.000000
1227.000000
1464.000000
1211.000000
1464.000000
1197.000000
1464.000000
1179.000000
1466.000000
1163.000000
1468.000000
1149.000000
1470.000000
1133.000000
1473.000000
1119.000000
1477.000000
1101.000000
1480.000000
1087.000000
1483.000000
1071.000000
1486.000000
1055.000000
1485.000000
1039.000000
1476.000000
1025.000000
1468.000000
1019.000000
1456.000000
1017.000000
1444.000000
1018.000000
1432.000000
1018.000000
