1441.000000
535.000000
1434.000000
553.000000
1432.000000
571.000000
1430.000000
591.000000
1427.000000
613.000000
1425.000000
631.000000
1422.000000
649.000000
1420.000000
667.000000
1419.000000
687.000000
1417.000000
705.000000
1415.000000
721.000000
1412.000000
741.000000
1411.000000
759.000000
1409.000000
777.000000
1410.000000
797.000000
1413.000000
817.000000
1420.000000
835.000000
1431.000000
847.000000
1443.000000
849.000000
1457.000000
850.000000
1469.000000
853.000000
1481.000000
852.000000
1493.000000
848.000000
1502.000000
833.000000
1503.000000
815.000000
1502.000000
797.000000
1498.000000
775.000000
1495.000000
759.000000
1490.000000
739.000000
1489.000000
723.000000
1486.000000
701.000000
1485.000000
683.000000
1484.000000
665.000000
1482.000000
645.000000
1481.000000
627.000000
1479.000000
609.000000
1475.000000
589.000000
1471.000000
567.000000
1464.000000
545.000000
1453.000000
534.000000
