1595.000000
988.000000
1587.000000
991.000000
1583.000000
1001.000000
1584.000000
1013.000000
1587.000000
1023.000000
1591.000000
1035.000000
1595.000000
1045.000000
1599.000000
1057.000000
1602.000000
1067.000000
1605.000000
1079.000000
1609.000000
1093.000000
1611.000000
1103.000000
1614.000000
1115.000000
1617.000000
1127.000000
1622.000000
1141.000000
1627.000000
1153.000000
1631.000000
1163.000000
1638.000000
1175.000000
1647.000000
1184.000000
1657.000000
1186.000000
1663.000000
1177.000000
1661.000000
1163.000000
1658.000000
1151.000000
1655.000000
1139.000000
1653.000000
1127.000000
1652.000000
1115.000000
1651.000000
1103.000000
1649.000000
1091.000000
1648.000000
1079.000000
1646.000000
1069.000000
1645.000000
1057.000000
1645.000000
1043.000000
1644.000000
1033.000000
1644.000000
1021.000000
1642.000000
1009.000000
1641.000000
997.000000
1636.000000
987.000000
1625.000000
986.000000
1617.000000
988.000000
1607.000000
988.000000
