1459.000000
1036.000000
1449.000000
1040.000000
1447.000000
1054.000000
1449.000000
1066.000000
1450.000000
1078.000000
1451.000000
1094.000000
1452.000000
1106.000000
1454.000000
1120.000000
1454.000000
1134.000000
1453.000000
1148.000000
1451.000000
1164.000000
1451.000000
1178.000000
1452.000000
1190.000000
1452.000000
1204.000000
1453.000000
1218.000000
1456.000000
1236.000000
1458.000000
1250.000000
1461.000000
1266.000000
1469.000000
1270.000000
1477.000000
1261.000000
1482.000000
1245.000000
1484.000000
1231.000000
1485.000000
1217.000000
1487.000000
1203.000000
1488.000000
1189.000000
1489.000000
1173.000000
1489.000000
1159.000000
1489.000000
1145.000000
1490.000000
1131.000000
1493.000000
1119.000000
1496.000000
1103.000000
1500.000000
1091.000000
1505.000000
1079.000000
1511.000000
1067.000000
1514.000000
1053.000000
1510.000000
1041.000000
1501.000000
1037.000000
1491.000000
1037.000000
1481.000000
1036.000000
1469.000000
1035.000000
