1550.000000
1077.000000
1542.000000
1077.000000
1532.000000
1077.000000
1522.000000
1078.000000
1515.000000
1082.000000
1514.000000
1094.000000
1518.000000
1108.000000
1521.000000
1120.000000
1524.000000
1130.000000
1527.000000
1144.000000
1530.000000
1158.000000
1532.000000
1168.000000
1535.000000
1182.000000
1538.000000
1196.000000
1539.000000
1210.000000
1541.000000
1222.000000
1544.000000
1236.000000
1546.000000
1250.000000
1549.000000
1264.000000
1553.000000
1278.000000
1555.000000
1292.000000
1563.000000
1297.000000
1569.000000
1292.000000
1573.000000
1278.000000
1575.000000
1262.000000
1575.000000
1248.000000
1574.000000
1236.000000
1572.000000
1222.000000
1571.000000
1208.000000
1571.000000
1194.000000
1570.000000
1182.000000
1569.000000
1168.000000
1569.000000
1154.000000
1569.000000
1144.000000
1569.000000
1130.000000
1569.000000
1118.000000
1570.000000
1104.000000
1570.000000
1092.000000
1570.000000
1080.000000
1559.000000
1076.000000
