1384.000000
1017.000000
1374.000000
1029.000000
1369.000000
1045.000000
1369.000000
1059.000000
1372.000000
1069.000000
1376.000000
1083.000000
1380.000000
1095.000000
1384.000000
1105.000000
1389.000000
1117.000000
1393.000000
1129.000000
1399.000000
1141.000000
1404.000000
1151.000000
1411.000000
1163.000000
1414.000000
1177.000000
1416.000000
1191.000000
1418.000000
1205.000000
1419.000000
1221.000000
1422.000000
1233.000000
1432.000000
1238.000000
1442.000000
1235.000000
1450.000000
1224.000000
1451.000000
1210.000000
1451.000000
1194.000000
1450.000000
1178.000000
1449.000000
1166.000000
1448.000000
1152.000000
1446.000000
1138.000000
1444.000000
1124.000000
1442.000000
1112.000000
1443.000000
1096.000000
1444.000000
1082.000000
1447.000000
1068.000000
1449.000000
1054.000000
1450.000000
1038.000000
1449.000000
1026.000000
1442.000000
1012.000000
1433.000000
1001.000000
1422.000000
999.000000
1408.000000
1003.000000
1396.000000
1008.000000
