1426.000000
734.000000
1415.000000
749.000000
1411.000000
765.000000
1409.000000
781.000000
1407.000000
799.000000
1407.000000
815.000000
1406.000000
831.000000
1405.000000
847.000000
1404.000000
865.000000
1403.000000
881.000000
1402.000000
897.000000
1400.000000
913.000000
1396.000000
929.000000
1394.000000
945.000000
1393.000000
963.000000
1395.000000
981.000000
1402.000000
997.000000
1418.000000
1004.000000
1434.000000
1005.000000
1452.000000
1005.000000
1468.000000
1004.000000
1486.000000
1006.000000
1504.000000
1004.000000
1513.000000
991.000000
1514.000000
975.000000
1512.000000
959.000000
1511.000000
941.000000
1509.000000
925.000000
1506.000000
909.000000
1503.000000
893.000000
1501.000000
875.000000
1499.000000
859.000000
1497.000000
843.000000
1495.000000
825.000000
1493.000000
809.000000
1490.000000
795.000000
1486.000000
779.000000
1476.000000
759.000000
1460.000000
744.000000
1444.000000
735.000000
