1527.000000
924.000000
1519.000000
924.000000
1509.000000
923.000000
1499.000000
924.000000
1491.000000
927.000000
1487.000000
943.000000
1488.000000
961.000000
1487.000000
977.000000
1487.000000
991.000000
1488.000000
1009.000000
1490.000000
1025.000000
1491.000000
1039.000000
1492.000000
1055.000000
1493.000000
1073.000000
1492.000000
1091.000000
1492.000000
1105.000000
1492.000000
1123.000000
1493.000000
1141.000000
1492.000000
1159.000000
1493.000000
1175.000000
1494.000000
1193.000000
1502.000000
1202.000000
1510.000000
1196.000000
1514.000000
1178.000000
1518.000000
1160.000000
1523.000000
1142.000000
1524.000000
1128.000000
1527.000000
1110.000000
1529.000000
1092.000000
1530.000000
1076.000000
1532.000000
1062.000000
1533.000000
1044.000000
1537.000000
1028.000000
1540.000000
1016.000000
1541.000000
998.000000
1542.000000
982.000000
1544.000000
964.000000
1546.000000
950.000000
1546.000000
934.000000
1537.000000
926.000000
