1435.000000
931.000000
1426.000000
938.000000
1426.000000
954.000000
1425.000000
970.000000
1426.000000
986.000000
1426.000000
1004.000000
1426.000000
1020.000000
1427.000000
1036.000000
1428.000000
1052.000000
1428.000000
1066.000000
1428.000000
1086.000000
1428.000000
1102.000000
1427.000000
1118.000000
1426.000000
1134.000000
1425.000000
1150.000000
1425.000000
1170.000000
1426.000000
1186.000000
1433.000000
1202.000000
1441.000000
1206.000000
1452.000000
1199.000000
1455.000000
1181.000000
1455.000000
1165.000000
1455.000000
1147.000000
1456.000000
1131.000000
1458.000000
1115.000000
1462.000000
1095.000000
1464.000000
1079.000000
1466.000000
1063.000000
1470.000000
1049.000000
1474.000000
1033.000000
1477.000000
1013.000000
1479.000000
997.000000
1481.000000
981.000000
1485.000000
965.000000
1487.000000
949.000000
1483.000000
933.000000
1475.000000
929.000000
1465.000000
929.000000
1455.000000
930.000000
1445.000000
930.000000
