1597.000000
658.000000
1586.000000
675.000000
1579.000000
697.000000
1576.000000
719.000000
1573.000000
739.000000
1572.000000
761.000000
1572.000000
779.000000
1572.000000
801.000000
1569.000000
823.000000
1564.000000
841.000000
1560.000000
859.000000
1557.000000
879.000000
1556.000000
897.000000
1555.000000
917.000000
1556.000000
937.000000
1558.000000
957.000000
1560.000000
975.000000
1574.000000
978.000000
1588.000000
977.000000
1602.000000
976.000000
1618.000000
974.000000
1632.000000
971.000000
1646.000000
965.000000
1658.000000
950.000000
1663.000000
932.000000
1663.000000
914.000000
1658.000000
894.000000
1651.000000
876.000000
1644.000000
858.000000
1640.000000
838.000000
1638.000000
818.000000
1635.000000
800.000000
1632.000000
780.000000
1630.000000
760.000000
1630.000000
738.000000
1629.000000
718.000000
1631.000000
696.000000
1628.000000
672.000000
1620.000000
659.000000
1610.000000
655.000000
