1602.000000
1021.000000
1592.000000
1026.000000
1584.000000
1037.000000
1581.000000
1051.000000
1579.000000
1063.000000
1579.000000
1077.000000
1579.000000
1091.000000
1580.000000
1103.000000
1581.000000
1115.000000
1580.000000
1129.000000
1578.000000
1145.000000
1577.000000
1157.000000
1574.000000
1171.000000
1570.000000
1185.000000
1568.000000
1199.000000
1565.000000
1213.000000
1564.000000
1225.000000
1566.000000
1239.000000
1574.000000
1250.000000
1586.000000
1251.000000
1600.000000
1242.000000
1611.000000
1227.000000
1614.000000
1215.000000
1618.000000
1201.000000
1623.000000
1187.000000
1628.000000
1175.000000
1632.000000
1161.000000
1635.000000
1147.000000
1637.000000
1135.000000
1640.000000
1121.000000
1642.000000
1107.000000
1644.000000
1093.000000
1645.000000
1079.000000
1647.000000
1065.000000
1650.000000
1051.000000
1650.000000
1037.000000
1644.000000
1025.000000
1636.000000
1021.000000
1626.000000
1019.000000
1614.000000
1019.000000
