1322.000000
661.000000
1307.000000
672.000000
1302.000000
688.000000
1299.000000
704.000000
1294.000000
720.000000
1290.000000
736.000000
1284.000000
752.000000
1281.000000
768.000000
1278.000000
784.000000
1275.000000
800.000000
1271.000000
818.000000
1267.000000
832.000000
1262.000000
848.000000
1257.000000
864.000000
1254.000000
882.000000
1254.000000
898.000000
1259.000000
916.000000
1268.000000
932.000000
1280.000000
944.000000
1296.000000
944.000000
1312.000000
945.000000
1326.000000
945.000000
1337.000000
931.000000
1341.000000
915.000000
1344.000000
899.000000
1347.000000
883.000000
1349.000000
865.000000
1351.000000
849.000000
1353.000000
833.000000
1354.000000
819.000000
1355.000000
803.000000
1355.000000
789.000000
1355.000000
773.000000
1356.000000
757.000000
1358.000000
741.000000
1360.000000
725.000000
1360.000000
709.000000
1360.000000
693.000000
1354.000000
677.000000
1340.000000
666.000000
