1543.000000
1052.000000
1533.000000
1052.000000
1523.000000
1052.000000
1511.000000
1055.000000
1501.000000
1060.000000
1498.000000
1074.000000
1499.000000
1088.000000
1501.000000
1102.000000
1502.000000
1114.000000
1505.000000
1130.000000
1508.000000
1144.000000
1510.000000
1158.000000
1514.000000
1172.000000
1517.000000
1188.000000
1518.000000
1204.000000
1518.000000
1216.000000
1519.000000
1232.000000
1520.000000
1248.000000
1523.000000
1264.000000
1526.000000
1278.000000
1533.000000
1292.000000
1545.000000
1298.000000
1553.000000
1295.000000
1559.000000
1279.000000
1559.000000
1263.000000
1559.000000
1247.000000
1559.000000
1235.000000
1558.000000
1219.000000
1558.000000
1203.000000
1558.000000
1187.000000
1558.000000
1175.000000
1558.000000
1159.000000
1558.000000
1143.000000
1559.000000
1131.000000
1561.000000
1117.000000
1563.000000
1101.000000
1565.000000
1087.000000
1568.000000
1073.000000
1564.000000
1059.000000
1555.000000
1053.000000
