1407.000000
987.000000
1397.000000
996.000000
1396.000000
1010.000000
1397.000000
1026.000000
1399.000000
1038.000000
1402.000000
1050.000000
1406.000000
1064.000000
1410.000000
1076.000000
1413.000000
1090.000000
1415.000000
1102.000000
1418.000000
1116.000000
1421.000000
1128.000000
1425.000000
1142.000000
1429.000000
1158.000000
1432.000000
1170.000000
1437.000000
1184.000000
1443.000000
1202.000000
1448.000000
1214.000000
1456.000000
1222.000000
1466.000000
1220.000000
1471.000000
1210.000000
1470.000000
1194.000000
1467.000000
1178.000000
1466.000000
1162.000000
1465.000000
1150.000000
1463.000000
1134.000000
1463.000000
1120.000000
1463.000000
1106.000000
1464.000000
1092.000000
1465.000000
1078.000000
1465.000000
1062.000000
1466.000000
1050.000000
1467.000000
1034.000000
1469.000000
1020.000000
1469.000000
1006.000000
1467.000000
992.000000
1459.000000
980.000000
1447.000000
978.000000
1433.000000
981.000000
1419.000000
983.000000
