1570.000000
754.000000
1567.000000
766.000000
1572.000000
786.000000
1578.000000
800.000000
1586.000000
816.000000
1593.000000
830.000000
1600.000000
846.000000
1609.000000
862.000000
1616.000000
876.000000
1624.000000
892.000000
1630.000000
906.000000
1635.000000
922.000000
1640.000000
936.000000
1646.000000
952.000000
1653.000000
968.000000
1655.000000
982.000000
1662.000000
996.000000
1674.000000
999.000000
1686.000000
996.000000
1696.000000
992.000000
1708.000000
986.000000
1717.000000
976.000000
1724.000000
964.000000
1725.000000
946.000000
1721.000000
932.000000
1714.000000
916.000000
1708.000000
904.000000
1698.000000
890.000000
1689.000000
878.000000
1681.000000
866.000000
1670.000000
850.000000
1663.000000
838.000000
1654.000000
824.000000
1645.000000
810.000000
1636.000000
796.000000
1626.000000
780.000000
1616.000000
768.000000
1600.000000
755.000000
1590.000000
749.000000
1578.000000
748.000000
