1549.000000
767.000000
1543.000000
777.000000
1539.000000
793.000000
1538.000000
807.000000
1537.000000
819.000000
1536.000000
833.000000
1536.000000
847.000000
1534.000000
861.000000
1533.000000
873.000000
1531.000000
885.000000
1528.000000
899.000000
1525.000000
911.000000
1524.000000
923.000000
1523.000000
937.000000
1523.000000
951.000000
1523.000000
965.000000
1525.000000
975.000000
1534.000000
982.000000
1544.000000
982.000000
1554.000000
981.000000
1566.000000
982.000000
1576.000000
983.000000
1588.000000
983.000000
1597.000000
974.000000
1598.000000
962.000000
1598.000000
948.000000
1598.000000
936.000000
1597.000000
922.000000
1595.000000
908.000000
1593.000000
896.000000
1592.000000
882.000000
1590.000000
870.000000
1589.000000
856.000000
1588.000000
844.000000
1586.000000
828.000000
1583.000000
814.000000
1581.000000
800.000000
1575.000000
786.000000
1566.000000
774.000000
1559.000000
767.000000
