1392.000000
694.000000
1377.000000
708.000000
1372.000000
724.000000
1369.000000
740.000000
1366.000000
756.000000
1364.000000
772.000000
1361.000000
788.000000
1359.000000
802.000000
1356.000000
820.000000
1356.000000
836.000000
1355.000000
850.000000
1353.000000
868.000000
1352.000000
884.000000
1351.000000
900.000000
1351.000000
916.000000
1353.000000
934.000000
1361.000000
948.000000
1373.000000
957.000000
1387.000000
959.000000
1401.000000
959.000000
1415.000000
957.000000
1429.000000
955.000000
1443.000000
949.000000
1453.000000
934.000000
1456.000000
918.000000
1456.000000
902.000000
1456.000000
884.000000
1455.000000
868.000000
1452.000000
854.000000
1451.000000
838.000000
1450.000000
820.000000
1449.000000
806.000000
1449.000000
790.000000
1447.000000
772.000000
1446.000000
758.000000
1445.000000
742.000000
1441.000000
726.000000
1435.000000
710.000000
1424.000000
695.000000
1408.000000
691.000000
