-1424.000000
675.000000
-1438.000000
689.000000
-1446.000000
711.000000
-1452.000000
733.000000
-1456.000000
753.000000
-1465.000000
773.000000
-1473.000000
793.000000
-1480.000000
817.000000
-1483.000000
837.000000
-1485.000000
857.000000
-1487.000000
877.000000
-1489.000000
899.000000
-1490.000000
919.000000
-1491.000000
939.000000
-1494.000000
965.000000
-1494.000000
987.000000
-1491.000000
1007.000000
-1485.000000
1017.000000
-1475.000000
1021.000000
-1465.000000
1020.000000
-1453.000000
1018.000000
-1443.000000
1017.000000
-1433.000000
1014.000000
-1423.000000
997.000000
-1418.000000
975.000000
-1416.000000
955.000000
-1414.000000
933.000000
-1412.000000
911.000000
-1413.000000
889.000000
-1414.000000
869.000000
-1413.000000
849.000000
-1411.000000
827.000000
-1407.000000
807.000000
-1404.000000
787.000000
-1399.000000
763.000000
-1397.000000
743.000000
-1396.000000
721.000000
-1396.000000
697.000000
-1402.000000
681.000000
-1413.000000
673.000000
