-1486.000000
1095.000000
-1494.000000
1096.000000
-1504.000000
1097.000000
-1514.000000
1099.000000
-1522.000000
1104.000000
-1526.000000
1116.000000
-1523.000000
1130.000000
-1520.000000
1142.000000
-1517.000000
1154.000000
-1515.000000
1168.000000
-1513.000000
1182.000000
-1513.000000
1192.000000
-1513.000000
1208.000000
-1515.000000
1222.000000
-1517.000000
1238.000000
-1519.000000
1250.000000
-1521.000000
1264.000000
-1524.000000
1280.000000
-1525.000000
1294.000000
-1524.000000
1308.000000
-1520.000000
1320.000000
-1513.000000
1327.000000
-1503.000000
1324.000000
-1499.000000
1308.000000
-1495.000000
1294.000000
-1489.000000
1278.000000
-1485.000000
1266.000000
-1482.000000
1250.000000
-1480.000000
1236.000000
-1477.000000
1222.000000
-1475.000000
1208.000000
-1474.000000
1194.000000
-1472.000000
1180.000000
-1470.000000
1168.000000
-1470.000000
1154.000000
-1469.000000
1140.000000
-1468.000000
1126.000000
-1467.000000
1114.000000
-1468.000000
1100.000000
-1476.000000
1096.000000
