-1436.000000
1055.000000
-1446.000000
1058.000000
-1451.000000
1070.000000
-1450.000000
1086.000000
-1447.000000
1100.000000
-1445.000000
1114.000000
-1442.000000
1128.000000
-1441.000000
1142.000000
-1439.000000
1156.000000
-1437.000000
1172.000000
-1436.000000
1188.000000
-1435.000000
1204.000000
-1435.000000
1220.000000
-1435.000000
1234.000000
-1435.000000
1252.000000
-1433.000000
1266.000000
-1429.000000
1282.000000
-1425.000000
1296.000000
-1418.000000
1310.000000
-1408.000000
1311.000000
-1401.000000
1300.000000
-1399.000000
1282.000000
-1397.000000
1266.000000
-1397.000000
1250.000000
-1397.000000
1236.000000
-1398.000000
1220.000000
-1398.000000
1204.000000
-1398.000000
1190.000000
-1397.000000
1174.000000
-1396.000000
1160.000000
-1394.000000
1144.000000
-1392.000000
1128.000000
-1391.000000
1114.000000
-1391.000000
1098.000000
-1391.000000
1084.000000
-1391.000000
1068.000000
-1398.000000
1054.000000
-1406.000000
1051.000000
-1416.000000
1052.000000
-1426.000000
1054.000000
