-1648.000000
724.000000
-1658.000000
727.000000
-1668.000000
732.000000
-1678.000000
738.000000
-1684.000000
745.000000
-1688.000000
751.000000
-1691.000000
759.000000
-1695.000000
767.000000
-1697.000000
773.000000
-1699.000000
781.000000
-1700.000000
791.000000
-1701.000000
797.000000
-1701.000000
807.000000
-1701.000000
815.000000
-1701.000000
823.000000
-1699.000000
833.000000
-1696.000000
843.000000
-1687.000000
852.000000
-1673.000000
858.000000
-1661.000000
864.000000
-1649.000000
871.000000
-1637.000000
874.000000
-1630.000000
870.000000
-1627.000000
862.000000
-1626.000000
852.000000
-1626.000000
844.000000
-1626.000000
834.000000
-1627.000000
826.000000
-1627.000000
818.000000
-1626.000000
810.000000
-1626.000000
800.000000
-1625.000000
794.000000
-1624.000000
786.000000
-1624.000000
778.000000
-1624.000000
768.000000
-1624.000000
760.000000
-1625.000000
752.000000
-1625.000000
744.000000
-1628.000000
734.000000
-1634.000000
727.000000
