-1451.000000
995.000000
-1459.000000
998.000000
-1465.000000
1009.000000
-1463.000000
1021.000000
-1461.000000
1031.000000
-1458.000000
1043.000000
-1457.000000
1057.000000
-1455.000000
1067.000000
-1453.000000
1079.000000
-1451.000000
1091.000000
-1447.000000
1105.000000
-1444.000000
1117.000000
-1442.000000
1129.000000
-1439.000000
1141.000000
-1437.000000
1155.000000
-1434.000000
1167.000000
-1431.000000
1181.000000
-1429.000000
1193.000000
-1422.000000
1204.000000
-1416.000000
1203.000000
-1410.000000
1192.000000
-1410.000000
1178.000000
-1411.000000
1164.000000
-1413.000000
1152.000000
-1413.000000
1140.000000
-1415.000000
1126.000000
-1415.000000
1114.000000
-1415.000000
1102.000000
-1414.000000
1090.000000
-1413.000000
1076.000000
-1413.000000
1064.000000
-1412.000000
1050.000000
-1412.000000
1038.000000
-1411.000000
1026.000000
-1410.000000
1014.000000
-1410.000000
1002.000000
-1415.000000
991.000000
-1425.000000
990.000000
-1433.000000
991.000000
-1441.000000
992.000000
