-1590.000000
693.000000
-1604.000000
701.000000
-1617.000000
714.000000
-1626.000000
728.000000
-1631.000000
742.000000
-1637.000000
758.000000
-1642.000000
772.000000
-1650.000000
788.000000
-1658.000000
802.000000
-1666.000000
816.000000
-1674.000000
830.000000
-1681.000000
842.000000
-1689.000000
856.000000
-1695.000000
870.000000
-1700.000000
886.000000
-1702.000000
902.000000
-1701.000000
918.000000
-1695.000000
932.000000
-1683.000000
942.000000
-1671.000000
949.000000
-1655.000000
954.000000
-1643.000000
954.000000
-1632.000000
944.000000
-1625.000000
928.000000
-1622.000000
914.000000
-1620.000000
898.000000
-1619.000000
882.000000
-1619.000000
868.000000
-1614.000000
852.000000
-1608.000000
838.000000
-1603.000000
824.000000
-1598.000000
810.000000
-1591.000000
796.000000
-1586.000000
782.000000
-1580.000000
768.000000
-1574.000000
752.000000
-1570.000000
738.000000
-1567.000000
724.000000
-1566.000000
710.000000
-1574.000000
697.000000
