-1561.000000
1076.000000
-1570.000000
1080.000000
-1570.000000
1094.000000
-1570.000000
1106.000000
-1569.000000
1118.000000
-1569.000000
1132.000000
-1569.000000
1144.000000
-1569.000000
1158.000000
-1569.000000
1170.000000
-1570.000000
1182.000000
-1571.000000
1198.000000
-1572.000000
1210.000000
-1572.000000
1224.000000
-1574.000000
1236.000000
-1575.000000
1250.000000
-1574.000000
1264.000000
-1573.000000
1278.000000
-1569.000000
1292.000000
-1563.000000
1297.000000
-1555.000000
1290.000000
-1552.000000
1274.000000
-1549.000000
1262.000000
-1545.000000
1248.000000
-1544.000000
1236.000000
-1541.000000
1222.000000
-1539.000000
1208.000000
-1537.000000
1194.000000
-1535.000000
1182.000000
-1532.000000
1170.000000
-1530.000000
1156.000000
-1527.000000
1142.000000
-1524.000000
1130.000000
-1521.000000
1118.000000
-1517.000000
1106.000000
-1514.000000
1092.000000
-1516.000000
1080.000000
-1524.000000
1078.000000
-1534.000000
1077.000000
-1542.000000
1077.000000
-1552.000000
1077.000000
