-1395.000000
669.000000
-1401.000000
679.000000
-1401.000000
703.000000
-1403.000000
721.000000
-1403.000000
741.000000
-1403.000000
757.000000
-1402.000000
777.000000
-1402.000000
795.000000
-1402.000000
811.000000
-1401.000000
831.000000
-1401.000000
845.000000
-1401.000000
863.000000
-1402.000000
879.000000
-1407.000000
897.000000
-1408.000000
915.000000
-1408.000000
931.000000
-1405.000000
947.000000
-1398.000000
959.000000
-1384.000000
959.000000
-1372.000000
956.000000
-1358.000000
956.000000
-1344.000000
955.000000
-1333.000000
946.000000
-1327.000000
928.000000
-1325.000000
912.000000
-1324.000000
894.000000
-1327.000000
880.000000
-1332.000000
862.000000
-1336.000000
846.000000
-1340.000000
830.000000
-1343.000000
812.000000
-1346.000000
798.000000
-1349.000000
778.000000
-1352.000000
764.000000
-1355.000000
744.000000
-1359.000000
724.000000
-1363.000000
710.000000
-1369.000000
688.000000
-1376.000000
674.000000
-1385.000000
668.000000
