-1447.000000
659.000000
-1461.000000
673.000000
-1469.000000
695.000000
-1473.000000
717.000000
-1473.000000
737.000000
-1475.000000
759.000000
-1478.000000
779.000000
-1480.000000
801.000000
-1483.000000
823.000000
-1486.000000
843.000000
-1490.000000
861.000000
-1495.000000
881.000000
-1496.000000
901.000000
-1494.000000
921.000000
-1491.000000
943.000000
-1487.000000
965.000000
-1484.000000
983.000000
-1472.000000
992.000000
-1458.000000
988.000000
-1446.000000
985.000000
-1432.000000
984.000000
-1418.000000
981.000000
-1406.000000
977.000000
-1395.000000
963.000000
-1394.000000
941.000000
-1396.000000
921.000000
-1397.000000
901.000000
-1398.000000
879.000000
-1402.000000
861.000000
-1408.000000
841.000000
-1411.000000
823.000000
-1412.000000
801.000000
-1410.000000
781.000000
-1408.000000
759.000000
-1409.000000
737.000000
-1408.000000
717.000000
-1408.000000
695.000000
-1412.000000
671.000000
-1420.000000
657.000000
-1433.000000
653.000000
