-1411.000000
1013.000000
-1421.000000
1016.000000
-1427.000000
1029.000000
-1426.000000
1043.000000
-1424.000000
1057.000000
-1423.000000
1071.000000
-1421.000000
1087.000000
-1419.000000
1101.000000
-1418.000000
1115.000000
-1417.000000
1131.000000
-1416.000000
1147.000000
-1415.000000
1163.000000
-1412.000000
1179.000000
-1410.000000
1193.000000
-1407.000000
1211.000000
-1405.000000
1225.000000
-1401.000000
1241.000000
-1395.000000
1255.000000
-1385.000000
1268.000000
-1371.000000
1271.000000
-1362.000000
1260.000000
-1357.000000
1244.000000
-1358.000000
1228.000000
-1360.000000
1214.000000
-1362.000000
1198.000000
-1363.000000
1182.000000
-1364.000000
1168.000000
-1365.000000
1152.000000
-1366.000000
1138.000000
-1365.000000
1122.000000
-1362.000000
1108.000000
-1359.000000
1092.000000
-1357.000000
1078.000000
-1357.000000
1064.000000
-1359.000000
1048.000000
-1360.000000
1034.000000
-1366.000000
1018.000000
-1376.000000
1014.000000
-1387.000000
1013.000000
-1397.000000
1013.000000
