-1421.000000
549.000000
-1429.000000
559.000000
-1427.000000
583.000000
-1423.000000
599.000000
-1419.000000
619.000000
-1415.000000
635.000000
-1412.000000
653.000000
-1408.000000
671.000000
-1405.000000
687.000000
-1403.000000
707.000000
-1402.000000
721.000000
-1401.000000
741.000000
-1400.000000
755.000000
-1399.000000
775.000000
-1401.000000
793.000000
-1401.000000
809.000000
-1395.000000
825.000000
-1387.000000
830.000000
-1377.000000
830.000000
-1365.000000
825.000000
-1355.000000
815.000000
-1343.000000
805.000000
-1332.000000
793.000000
-1329.000000
775.000000
-1329.000000
759.000000
-1334.000000
743.000000
-1338.000000
731.000000
-1346.000000
715.000000
-1352.000000
699.000000
-1356.000000
685.000000
-1361.000000
669.000000
-1365.000000
653.000000
-1370.000000
637.000000
-1374.000000
621.000000
-1378.000000
603.000000
-1383.000000
585.000000
-1387.000000
569.000000
-1393.000000
549.000000
-1403.000000
543.000000
-1413.000000
544.000000
