-1446.000000
714.000000
-1449.000000
720.000000
-1451.000000
734.000000
-1451.000000
744.000000
-1453.000000
756.000000
-1452.000000
766.000000
-1450.000000
776.000000
-1448.000000
786.000000
-1446.000000
794.000000
-1445.000000
806.000000
-1444.000000
814.000000
-1441.000000
824.000000
-1440.000000
832.000000
-1438.000000
842.000000
-1437.000000
854.000000
-1435.000000
862.000000
-1429.000000
869.000000
-1423.000000
871.000000
-1413.000000
866.000000
-1407.000000
860.000000
-1397.000000
851.000000
-1389.000000
843.000000
-1381.000000
833.000000
-1379.000000
821.000000
-1379.000000
811.000000
-1379.000000
801.000000
-1380.000000
793.000000
-1382.000000
785.000000
-1385.000000
777.000000
-1389.000000
769.000000
-1391.000000
761.000000
-1395.000000
753.000000
-1398.000000
745.000000
-1401.000000
737.000000
-1404.000000
727.000000
-1408.000000
719.000000
-1413.000000
713.000000
-1423.000000
708.000000
-1431.000000
706.000000
-1439.000000
707.000000
