-1422.000000
999.000000
-1433.000000
1001.000000
-1441.000000
1010.000000
-1448.000000
1022.000000
-1450.000000
1036.000000
-1449.000000
1050.000000
-1447.000000
1064.000000
-1445.000000
1078.000000
-1443.000000
1092.000000
-1442.000000
1106.000000
-1443.000000
1122.000000
-1446.000000
1134.000000
-1448.000000
1148.000000
-1448.000000
1162.000000
-1450.000000
1176.000000
-1451.000000
1192.000000
-1451.000000
1206.000000
-1450.000000
1220.000000
-1444.000000
1234.000000
-1434.000000
1238.000000
-1422.000000
1233.000000
-1419.000000
1219.000000
-1418.000000
1205.000000
-1416.000000
1191.000000
-1414.000000
1177.000000
-1411.000000
1163.000000
-1404.000000
1151.000000
-1399.000000
1141.000000
-1393.000000
1129.000000
-1389.000000
1117.000000
-1384.000000
1105.000000
-1379.000000
1091.000000
-1375.000000
1079.000000
-1371.000000
1067.000000
-1369.000000
1055.000000
-1370.000000
1039.000000
-1376.000000
1025.000000
-1386.000000
1015.000000
-1398.000000
1007.000000
-1408.000000
1003.000000
