-1411.000000
889.000000
-1421.000000
892.000000
-1429.000000
904.000000
-1432.000000
918.000000
-1430.000000
932.000000
-1427.000000
948.000000
-1424.000000
964.000000
-1422.000000
978.000000
-1422.000000
994.000000
-1422.000000
1008.000000
-1422.000000
1026.000000
-1423.000000
1042.000000
-1423.000000
1058.000000
-1423.000000
1074.000000
-1421.000000
1090.000000
-1419.000000
1106.000000
-1416.000000
1122.000000
-1412.000000
1138.000000
-1401.000000
1152.000000
-1389.000000
1157.000000
-1378.000000
1148.000000
-1381.000000
1130.000000
-1381.000000
1114.000000
-1380.000000
1098.000000
-1380.000000
1084.000000
-1378.000000
1068.000000
-1375.000000
1054.000000
-1373.000000
1038.000000
-1372.000000
1024.000000
-1369.000000
1008.000000
-1366.000000
994.000000
-1363.000000
976.000000
-1362.000000
962.000000
-1360.000000
948.000000
-1358.000000
932.000000
-1358.000000
916.000000
-1365.000000
902.000000
-1375.000000
895.000000
-1385.000000
893.000000
-1397.000000
890.000000
