-1609.000000
529.000000
-1619.000000
545.000000
-1622.000000
565.000000
-1627.000000
585.000000
-1630.000000
603.000000
-1632.000000
621.000000
-1635.000000
641.000000
-1637.000000
659.000000
-1640.000000
677.000000
-1644.000000
695.000000
-1647.000000
713.000000
-1649.000000
729.000000
-1651.000000
749.000000
-1653.000000
767.000000
-1655.000000
787.000000
-1656.000000
805.000000
-1653.000000
823.000000
-1645.000000
835.000000
-1634.000000
845.000000
-1624.000000
848.000000
-1610.000000
847.000000
-1600.000000
839.000000
-1592.000000
821.000000
-1588.000000
801.000000
-1586.000000
783.000000
-1584.000000
763.000000
-1585.000000
745.000000
-1589.000000
729.000000
-1591.000000
711.000000
-1593.000000
695.000000
-1594.000000
677.000000
-1594.000000
663.000000
-1593.000000
645.000000
-1592.000000
627.000000
-1592.000000
609.000000
-1590.000000
589.000000
-1589.000000
571.000000
-1588.000000
553.000000
-1589.000000
535.000000
-1598.000000
525.000000
