-1553.000000
1044.000000
-1562.000000
1053.000000
-1567.000000
1067.000000
-1570.000000
1083.000000
-1569.000000
1099.000000
-1567.000000
1117.000000
-1566.000000
1133.000000
-1566.000000
1147.000000
-1566.000000
1163.000000
-1566.000000
1179.000000
-1566.000000
1195.000000
-1566.000000
1211.000000
-1566.000000
1225.000000
-1566.000000
1241.000000
-1564.000000
1257.000000
-1561.000000
1275.000000
-1558.000000
1291.000000
-1551.000000
1307.000000
-1543.000000
1315.000000
-1535.000000
1306.000000
-1530.000000
1288.000000
-1527.000000
1274.000000
-1525.000000
1258.000000
-1523.000000
1242.000000
-1521.000000
1228.000000
-1518.000000
1210.000000
-1516.000000
1196.000000
-1513.000000
1182.000000
-1509.000000
1166.000000
-1506.000000
1152.000000
-1503.000000
1134.000000
-1501.000000
1118.000000
-1499.000000
1102.000000
-1497.000000
1086.000000
-1497.000000
1070.000000
-1503.000000
1054.000000
-1511.000000
1049.000000
-1521.000000
1043.000000
-1531.000000
1040.000000
-1543.000000
1041.000000
