-1557.000000
1054.000000
-1565.000000
1061.000000
-1568.000000
1073.000000
-1565.000000
1089.000000
-1563.000000
1101.000000
-1561.000000
1117.000000
-1559.000000
1133.000000
-1558.000000
1147.000000
-1558.000000
1161.000000
-1558.000000
1175.000000
-1558.000000
1191.000000
-1558.000000
1205.000000
-1558.000000
1221.000000
-1559.000000
1235.000000
-1559.000000
1249.000000
-1559.000000
1265.000000
-1559.000000
1281.000000
-1553.000000
1295.000000
-1545.000000
1298.000000
-1532.000000
1290.000000
-1525.000000
1274.000000
-1522.000000
1260.000000
-1520.000000
1246.000000
-1519.000000
1232.000000
-1518.000000
1216.000000
-1517.000000
1200.000000
-1517.000000
1186.000000
-1514.000000
1172.000000
-1510.000000
1158.000000
-1508.000000
1144.000000
-1505.000000
1128.000000
-1502.000000
1114.000000
-1500.000000
1100.000000
-1499.000000
1086.000000
-1498.000000
1072.000000
-1503.000000
1058.000000
-1513.000000
1054.000000
-1523.000000
1052.000000
-1535.000000
1052.000000
-1545.000000
1052.000000
