-1641.000000
998.000000
-1652.000000
1007.000000
-1657.000000
1023.000000
-1656.000000
1039.000000
-1654.000000
1053.000000
-1653.000000
1069.000000
-1651.000000
1085.000000
-1649.000000
1097.000000
-1646.000000
1113.000000
-1642.000000
1127.000000
-1640.000000
1143.000000
-1639.000000
1157.000000
-1639.000000
1173.000000
-1639.000000
1189.000000
-1641.000000
1205.000000
-1642.000000
1221.000000
-1648.000000
1247.000000
-1650.000000
1265.000000
-1647.000000
1281.000000
-1638.000000
1281.000000
-1633.000000
1261.000000
-1626.000000
1239.000000
-1619.000000
1221.000000
-1613.000000
1203.000000
-1607.000000
1187.000000
-1602.000000
1171.000000
-1599.000000
1155.000000
-1598.000000
1141.000000
-1598.000000
1125.000000
-1597.000000
1109.000000
-1593.000000
1093.000000
-1589.000000
1079.000000
-1584.000000
1063.000000
-1581.000000
1047.000000
-1582.000000
1033.000000
-1584.000000
1015.000000
-1590.000000
1002.000000
-1602.000000
997.000000
-1615.000000
994.000000
-1629.000000
995.000000
