-1535.000000
940.000000
-1541.000000
948.000000
-1544.000000
960.000000
-1543.000000
972.000000
-1540.000000
984.000000
-1536.000000
996.000000
-1533.000000
1008.000000
-1531.000000
1020.000000
-1531.000000
1032.000000
-1530.000000
1044.000000
-1530.000000
1058.000000
-1530.000000
1070.000000
-1530.000000
1082.000000
-1533.000000
1096.000000
-1534.000000
1108.000000
-1534.000000
1122.000000
-1533.000000
1134.000000
-1529.000000
1146.000000
-1521.000000
1148.000000
-1513.000000
1137.000000
-1507.000000
1123.000000
-1503.000000
1109.000000
-1499.000000
1095.000000
-1495.000000
1083.000000
-1492.000000
1069.000000
-1491.000000
1055.000000
-1491.000000
1043.000000
-1491.000000
1029.000000
-1491.000000
1017.000000
-1491.000000
1005.000000
-1491.000000
991.000000
-1491.000000
979.000000
-1490.000000
965.000000
-1489.000000
953.000000
-1487.000000
941.000000
-1492.000000
930.000000
-1501.000000
930.000000
-1509.000000
932.000000
-1517.000000
932.000000
-1527.000000
934.000000
