-1530.000000
698.000000
-1545.000000
711.000000
-1551.000000
725.000000
-1553.000000
741.000000
-1554.000000
759.000000
-1557.000000
775.000000
-1558.000000
791.000000
-1559.000000
805.000000
-1558.000000
823.000000
-1558.000000
839.000000
-1561.000000
853.000000
-1563.000000
871.000000
-1564.000000
887.000000
-1566.000000
903.000000
-1566.000000
919.000000
-1564.000000
937.000000
-1558.000000
953.000000
-1545.000000
962.000000
-1533.000000
965.000000
-1517.000000
967.000000
-1503.000000
968.000000
-1489.000000
968.000000
-1475.000000
964.000000
-1466.000000
949.000000
-1463.000000
933.000000
-1461.000000
917.000000
-1461.000000
899.000000
-1462.000000
883.000000
-1465.000000
867.000000
-1468.000000
851.000000
-1470.000000
833.000000
-1471.000000
817.000000
-1472.000000
801.000000
-1473.000000
783.000000
-1474.000000
767.000000
-1477.000000
751.000000
-1479.000000
735.000000
-1484.000000
717.000000
-1495.000000
701.000000
-1513.000000
696.000000
