-1598.000000
678.000000
-1616.000000
689.000000
-1630.000000
704.000000
-1637.000000
720.000000
-1640.000000
734.000000
-1641.000000
750.000000
-1643.000000
766.000000
-1644.000000
782.000000
-1646.000000
798.000000
-1650.000000
814.000000
-1653.000000
830.000000
-1656.000000
844.000000
-1659.000000
862.000000
-1659.000000
878.000000
-1659.000000
896.000000
-1659.000000
912.000000
-1656.000000
928.000000
-1650.000000
944.000000
-1637.000000
951.000000
-1621.000000
950.000000
-1605.000000
952.000000
-1593.000000
951.000000
-1584.000000
937.000000
-1584.000000
917.000000
-1582.000000
903.000000
-1579.000000
885.000000
-1575.000000
869.000000
-1574.000000
853.000000
-1573.000000
837.000000
-1571.000000
821.000000
-1569.000000
805.000000
-1567.000000
793.000000
-1566.000000
777.000000
-1566.000000
761.000000
-1565.000000
745.000000
-1564.000000
731.000000
-1563.000000
715.000000
-1564.000000
699.000000
-1567.000000
685.000000
-1580.000000
675.000000
