-1406.000000
920.000000
-1416.000000
923.000000
-1421.000000
937.000000
-1420.000000
955.000000
-1418.000000
971.000000
-1418.000000
987.000000
-1416.000000
1005.000000
-1413.000000
1021.000000
-1409.000000
1037.000000
-1407.000000
1053.000000
-1404.000000
1071.000000
-1401.000000
1089.000000
-1400.000000
1105.000000
-1399.000000
1123.000000
-1397.000000
1141.000000
-1395.000000
1159.000000
-1392.000000
1175.000000
-1387.000000
1193.000000
-1378.000000
1207.000000
-1368.000000
1210.000000
-1363.000000
1198.000000
-1362.000000
1178.000000
-1363.000000
1160.000000
-1363.000000
1142.000000
-1363.000000
1126.000000
-1364.000000
1108.000000
-1364.000000
1092.000000
-1364.000000
1074.000000
-1362.000000
1058.000000
-1360.000000
1042.000000
-1358.000000
1026.000000
-1357.000000
1006.000000
-1356.000000
990.000000
-1356.000000
974.000000
-1356.000000
956.000000
-1357.000000
938.000000
-1364.000000
922.000000
-1374.000000
917.000000
-1384.000000
917.000000
-1394.000000
918.000000
