-1638.000000
1021.000000
-1648.000000
1031.000000
-1651.000000
1043.000000
-1648.000000
1057.000000
-1647.000000
1069.000000
-1645.000000
1083.000000
-1643.000000
1097.000000
-1642.000000
1109.000000
-1639.000000
1123.000000
-1637.000000
1137.000000
-1635.000000
1149.000000
-1632.000000
1161.000000
-1628.000000
1175.000000
-1622.000000
1189.000000
-1618.000000
1201.000000
-1614.000000
1215.000000
-1609.000000
1231.000000
-1600.000000
1242.000000
-1588.000000
1250.000000
-1576.000000
1251.000000
-1566.000000
1241.000000
-1564.000000
1229.000000
-1565.000000
1215.000000
-1568.000000
1199.000000
-1570.000000
1187.000000
-1573.000000
1173.000000
-1577.000000
1159.000000
-1578.000000
1147.000000
-1580.000000
1133.000000
-1581.000000
1119.000000
-1580.000000
1105.000000
-1579.000000
1093.000000
-1579.000000
1079.000000
-1579.000000
1065.000000
-1580.000000
1053.000000
-1584.000000
1037.000000
-1592.000000
1026.000000
-1602.000000
1021.000000
-1616.000000
1019.000000
-1628.000000
1019.000000
