-1547.000000
1025.000000
-1557.000000
1033.000000
-1558.000000
1047.000000
-1557.000000
1061.000000
-1554.000000
1075.000000
-1553.000000
1091.000000
-1550.000000
1105.000000
-1548.000000
1121.000000
-1547.000000
1135.000000
-1544.000000
1149.000000
-1543.000000
1165.000000
-1541.000000
1179.000000
-1537.000000
1195.000000
-1533.000000
1209.000000
-1527.000000
1223.000000
-1522.000000
1239.000000
-1518.000000
1255.000000
-1510.000000
1269.000000
-1500.000000
1272.000000
-1491.000000
1262.000000
-1487.000000
1246.000000
-1487.000000
1230.000000
-1488.000000
1216.000000
-1489.000000
1202.000000
-1490.000000
1186.000000
-1491.000000
1170.000000
-1491.000000
1156.000000
-1491.000000
1140.000000
-1491.000000
1126.000000
-1489.000000
1112.000000
-1488.000000
1096.000000
-1487.000000
1082.000000
-1485.000000
1066.000000
-1484.000000
1052.000000
-1485.000000
1036.000000
-1492.000000
1024.000000
-1502.000000
1021.000000
-1514.000000
1020.000000
-1525.000000
1021.000000
-1535.000000
1022.000000
