-1447.000000
680.000000
-1459.000000
695.000000
-1469.000000
715.000000
-1477.000000
735.000000
-1483.000000
755.000000
-1488.000000
773.000000
-1491.000000
791.000000
-1491.000000
811.000000
-1491.000000
829.000000
-1492.000000
847.000000
-1496.000000
865.000000
-1501.000000
883.000000
-1505.000000
901.000000
-1507.000000
917.000000
-1508.000000
937.000000
-1507.000000
957.000000
-1504.000000
971.000000
-1492.000000
980.000000
-1480.000000
980.000000
-1466.000000
979.000000
-1452.000000
981.000000
-1440.000000
979.000000
-1426.000000
975.000000
-1415.000000
963.000000
-1412.000000
945.000000
-1411.000000
927.000000
-1409.000000
909.000000
-1408.000000
887.000000
-1410.000000
869.000000
-1414.000000
851.000000
-1418.000000
833.000000
-1421.000000
815.000000
-1422.000000
797.000000
-1422.000000
777.000000
-1421.000000
757.000000
-1420.000000
737.000000
-1419.000000
717.000000
-1420.000000
695.000000
-1423.000000
681.000000
-1433.000000
675.000000
