-1604.000000
924.000000
-1614.000000
932.000000
-1617.000000
948.000000
-1616.000000
966.000000
-1613.000000
980.000000
-1611.000000
996.000000
-1610.000000
1014.000000
-1607.000000
1028.000000
-1604.000000
1044.000000
-1603.000000
1060.000000
-1603.000000
1076.000000
-1602.000000
1092.000000
-1601.000000
1108.000000
-1599.000000
1126.000000
-1597.000000
1142.000000
-1594.000000
1160.000000
-1592.000000
1180.000000
-1590.000000
1196.000000
-1583.000000
1205.000000
-1573.000000
1205.000000
-1563.000000
1195.000000
-1561.000000
1179.000000
-1560.000000
1159.000000
-1560.000000
1141.000000
-1559.000000
1127.000000
-1559.000000
1109.000000
-1559.000000
1091.000000
-1559.000000
1077.000000
-1558.000000
1059.000000
-1557.000000
1043.000000
-1553.000000
1027.000000
-1549.000000
1011.000000
-1547.000000
995.000000
-1546.000000
979.000000
-1545.000000
963.000000
-1547.000000
945.000000
-1554.000000
931.000000
-1566.000000
925.000000
-1578.000000
923.000000
-1592.000000
923.000000
