-1589.000000
674.000000
-1598.000000
690.000000
-1601.000000
710.000000
-1600.000000
730.000000
-1601.000000
752.000000
-1601.000000
770.000000
-1602.000000
790.000000
-1602.000000
810.000000
-1601.000000
830.000000
-1599.000000
850.000000
-1599.000000
870.000000
-1602.000000
892.000000
-1607.000000
908.000000
-1607.000000
930.000000
-1606.000000
950.000000
-1604.000000
972.000000
-1599.000000
992.000000
-1589.000000
1003.000000
-1579.000000
1008.000000
-1567.000000
1009.000000
-1555.000000
1007.000000
-1545.000000
1005.000000
-1533.000000
1002.000000
-1527.000000
983.000000
-1525.000000
963.000000
-1523.000000
941.000000
-1520.000000
919.000000
-1522.000000
899.000000
-1527.000000
879.000000
-1530.000000
861.000000
-1533.000000
839.000000
-1535.000000
821.000000
-1535.000000
801.000000
-1538.000000
779.000000
-1541.000000
759.000000
-1544.000000
741.000000
-1549.000000
721.000000
-1554.000000
699.000000
-1562.000000
677.000000
-1575.000000
670.000000
