-1559.000000
694.000000
-1566.000000
708.000000
-1572.000000
726.000000
-1578.000000
744.000000
-1583.000000
760.000000
-1587.000000
778.000000
-1588.000000
794.000000
-1589.000000
810.000000
-1589.000000
826.000000
-1591.000000
844.000000
-1597.000000
858.000000
-1602.000000
874.000000
-1606.000000
892.000000
-1607.000000
908.000000
-1606.000000
924.000000
-1603.000000
944.000000
-1601.000000
962.000000
-1589.000000
971.000000
-1577.000000
974.000000
-1563.000000
978.000000
-1551.000000
980.000000
-1537.000000
982.000000
-1525.000000
979.000000
-1516.000000
967.000000
-1514.000000
949.000000
-1514.000000
931.000000
-1512.000000
913.000000
-1511.000000
897.000000
-1513.000000
879.000000
-1520.000000
863.000000
-1526.000000
845.000000
-1526.000000
829.000000
-1525.000000
813.000000
-1523.000000
795.000000
-1522.000000
777.000000
-1524.000000
761.000000
-1527.000000
745.000000
-1532.000000
723.000000
-1538.000000
703.000000
-1546.000000
691.000000
