-1392.000000
757.000000
-1397.000000
767.000000
-1401.000000
785.000000
-1402.000000
801.000000
-1399.000000
817.000000
-1396.000000
831.000000
-1394.000000
847.000000
-1393.000000
863.000000
-1392.000000
877.000000
-1392.000000
893.000000
-1392.000000
907.000000
-1390.000000
923.000000
-1389.000000
935.000000
-1388.000000
951.000000
-1387.000000
967.000000
-1387.000000
979.000000
-1384.000000
995.000000
-1375.000000
1001.000000
-1363.000000
997.000000
-1353.000000
993.000000
-1339.000000
989.000000
-1325.000000
984.000000
-1317.000000
975.000000
-1311.000000
957.000000
-1311.000000
945.000000
-1315.000000
929.000000
-1319.000000
917.000000
-1324.000000
903.000000
-1329.000000
889.000000
-1332.000000
877.000000
-1335.000000
863.000000
-1338.000000
849.000000
-1342.000000
835.000000
-1346.000000
821.000000
-1350.000000
807.000000
-1355.000000
791.000000
-1359.000000
779.000000
-1366.000000
761.000000
-1374.000000
751.000000
-1383.000000
750.000000
