-1434.000000
1018.000000
-1444.000000
1018.000000
-1458.000000
1017.000000
-1470.000000
1020.000000
-1478.000000
1027.000000
-1486.000000
1041.000000
-1485.000000
1059.000000
-1482.000000
1073.000000
-1480.000000
1087.000000
-1477.000000
1103.000000
-1473.000000
1119.000000
-1471.000000
1131.000000
-1468.000000
1147.000000
-1466.000000
1165.000000
-1464.000000
1181.000000
-1464.000000
1197.000000
-1464.000000
1213.000000
-1463.000000
1231.000000
-1460.000000
1247.000000
-1459.000000
1263.000000
-1452.000000
1277.000000
-1443.000000
1284.000000
-1433.000000
1279.000000
-1424.000000
1263.000000
-1423.000000
1245.000000
-1423.000000
1229.000000
-1423.000000
1215.000000
-1423.000000
1197.000000
-1422.000000
1181.000000
-1421.000000
1163.000000
-1420.000000
1149.000000
-1419.000000
1133.000000
-1417.000000
1117.000000
-1415.000000
1103.000000
-1413.000000
1087.000000
-1411.000000
1071.000000
-1409.000000
1055.000000
-1409.000000
1041.000000
-1409.000000
1025.000000
-1420.000000
1019.000000
