-1618.000000
657.000000
-1628.000000
670.000000
-1631.000000
690.000000
-1630.000000
710.000000
-1629.000000
732.000000
-1630.000000
750.000000
-1631.000000
770.000000
-1633.000000
788.000000
-1636.000000
808.000000
-1639.000000
826.000000
-1641.000000
844.000000
-1645.000000
864.000000
-1653.000000
880.000000
-1659.000000
898.000000
-1663.000000
916.000000
-1661.000000
938.000000
-1655.000000
956.000000
-1642.000000
967.000000
-1628.000000
972.000000
-1612.000000
975.000000
-1598.000000
976.000000
-1582.000000
978.000000
-1566.000000
977.000000
-1559.000000
963.000000
-1557.000000
943.000000
-1555.000000
925.000000
-1555.000000
903.000000
-1557.000000
885.000000
-1559.000000
865.000000
-1562.000000
847.000000
-1568.000000
827.000000
-1572.000000
809.000000
-1572.000000
789.000000
-1572.000000
769.000000
-1572.000000
749.000000
-1574.000000
729.000000
-1577.000000
709.000000
-1582.000000
687.000000
-1591.000000
665.000000
-1603.000000
656.000000
