-1619.000000
1071.000000
-1629.000000
1079.000000
-1630.000000
1093.000000
-1631.000000
1107.000000
-1631.000000
1121.000000
-1630.000000
1135.000000
-1628.000000
1149.000000
-1626.000000
1161.000000
-1624.000000
1175.000000
-1623.000000
1189.000000
-1623.000000
1203.000000
-1623.000000
1215.000000
-1623.000000
1231.000000
-1623.000000
1245.000000
-1623.000000
1259.000000
-1623.000000
1275.000000
-1623.000000
1291.000000
-1621.000000
1305.000000
-1616.000000
1315.000000
-1608.000000
1315.000000
-1600.000000
1306.000000
-1597.000000
1292.000000
-1594.000000
1276.000000
-1592.000000
1260.000000
-1589.000000
1246.000000
-1588.000000
1232.000000
-1587.000000
1218.000000
-1585.000000
1204.000000
-1584.000000
1190.000000
-1582.000000
1176.000000
-1580.000000
1162.000000
-1578.000000
1148.000000
-1577.000000
1134.000000
-1576.000000
1118.000000
-1575.000000
1106.000000
-1574.000000
1092.000000
-1578.000000
1078.000000
-1588.000000
1075.000000
-1598.000000
1073.000000
-1610.000000
1072.000000
