-1551.000000
521.000000
-1560.000000
537.000000
-1562.000000
559.000000
-1563.000000
581.000000
-1562.000000
603.000000
-1562.000000
623.000000
-1561.000000
643.000000
-1562.000000
665.000000
-1563.000000
685.000000
-1564.000000
703.000000
-1569.000000
723.000000
-1575.000000
743.000000
-1581.000000
763.000000
-1582.000000
783.000000
-1580.000000
803.000000
-1577.000000
825.000000
-1571.000000
847.000000
-1562.000000
858.000000
-1550.000000
862.000000
-1538.000000
863.000000
-1526.000000
863.000000
-1514.000000
860.000000
-1504.000000
853.000000
-1495.000000
837.000000
-1493.000000
815.000000
-1492.000000
795.000000
-1490.000000
773.000000
-1494.000000
753.000000
-1499.000000
733.000000
-1503.000000
715.000000
-1507.000000
695.000000
-1511.000000
675.000000
-1512.000000
655.000000
-1515.000000
633.000000
-1517.000000
613.000000
-1519.000000
593.000000
-1522.000000
571.000000
-1524.000000
547.000000
-1529.000000
523.000000
-1539.000000
516.000000
