-1570.000000
1039.000000
-1577.000000
1045.000000
-1576.000000
1059.000000
-1572.000000
1071.000000
-1567.000000
1083.000000
-1562.000000
1097.000000
-1559.000000
1111.000000
-1556.000000
1123.000000
-1554.000000
1137.000000
-1551.000000
1149.000000
-1548.000000
1165.000000
-1546.000000
1179.000000
-1543.000000
1191.000000
-1540.000000
1205.000000
-1536.000000
1219.000000
-1529.000000
1235.000000
-1525.000000
1249.000000
-1518.000000
1261.000000
-1509.000000
1265.000000
-1502.000000
1256.000000
-1501.000000
1240.000000
-1504.000000
1226.000000
-1507.000000
1212.000000
-1510.000000
1198.000000
-1513.000000
1184.000000
-1514.000000
1170.000000
-1514.000000
1156.000000
-1515.000000
1142.000000
-1515.000000
1130.000000
-1514.000000
1116.000000
-1513.000000
1100.000000
-1513.000000
1088.000000
-1512.000000
1074.000000
-1512.000000
1060.000000
-1513.000000
1048.000000
-1519.000000
1036.000000
-1530.000000
1035.000000
-1540.000000
1035.000000
-1548.000000
1036.000000
-1560.000000
1037.000000
