-1597.000000
707.000000
-1611.000000
714.000000
-1623.000000
725.000000
-1633.000000
737.000000
-1640.000000
751.000000
-1644.000000
763.000000
-1648.000000
777.000000
-1652.000000
791.000000
-1656.000000
805.000000
-1659.000000
817.000000
-1664.000000
829.000000
-1670.000000
843.000000
-1674.000000
857.000000
-1677.000000
871.000000
-1678.000000
885.000000
-1678.000000
903.000000
-1675.000000
919.000000
-1663.000000
933.000000
-1653.000000
941.000000
-1641.000000
952.000000
-1629.000000
958.000000
-1615.000000
961.000000
-1601.000000
960.000000
-1588.000000
953.000000
-1582.000000
939.000000
-1578.000000
923.000000
-1574.000000
907.000000
-1571.000000
893.000000
-1569.000000
877.000000
-1568.000000
863.000000
-1566.000000
847.000000
-1565.000000
833.000000
-1564.000000
819.000000
-1562.000000
803.000000
-1562.000000
787.000000
-1564.000000
773.000000
-1566.000000
757.000000
-1568.000000
739.000000
-1574.000000
721.000000
-1584.000000
709.000000
