-1539.000000
927.000000
-1546.000000
934.000000
-1546.000000
950.000000
-1544.000000
966.000000
-1542.000000
982.000000
-1541.000000
1000.000000
-1540.000000
1016.000000
-1535.000000
1032.000000
-1533.000000
1048.000000
-1532.000000
1062.000000
-1530.000000
1080.000000
-1529.000000
1096.000000
-1526.000000
1112.000000
-1524.000000
1128.000000
-1522.000000
1144.000000
-1517.000000
1162.000000
-1514.000000
1180.000000
-1510.000000
1196.000000
-1502.000000
1202.000000
-1493.000000
1191.000000
-1492.000000
1171.000000
-1493.000000
1155.000000
-1493.000000
1137.000000
-1492.000000
1121.000000
-1492.000000
1105.000000
-1493.000000
1087.000000
-1493.000000
1071.000000
-1492.000000
1055.000000
-1491.000000
1041.000000
-1490.000000
1025.000000
-1487.000000
1005.000000
-1487.000000
991.000000
-1487.000000
973.000000
-1488.000000
957.000000
-1487.000000
941.000000
-1491.000000
927.000000
-1501.000000
924.000000
-1509.000000
923.000000
-1519.000000
924.000000
-1529.000000
925.000000
