-1632.000000
1022.000000
-1642.000000
1033.000000
-1645.000000
1049.000000
-1642.000000
1065.000000
-1638.000000
1079.000000
-1631.000000
1095.000000
-1625.000000
1109.000000
-1618.000000
1123.000000
-1613.000000
1137.000000
-1608.000000
1153.000000
-1603.000000
1169.000000
-1599.000000
1181.000000
-1596.000000
1199.000000
-1593.000000
1217.000000
-1590.000000
1231.000000
-1585.000000
1249.000000
-1579.000000
1267.000000
-1572.000000
1281.000000
-1563.000000
1291.000000
-1551.000000
1287.000000
-1545.000000
1275.000000
-1543.000000
1259.000000
-1546.000000
1239.000000
-1548.000000
1221.000000
-1551.000000
1205.000000
-1553.000000
1189.000000
-1556.000000
1171.000000
-1557.000000
1157.000000
-1559.000000
1141.000000
-1559.000000
1123.000000
-1560.000000
1107.000000
-1560.000000
1091.000000
-1559.000000
1075.000000
-1559.000000
1057.000000
-1560.000000
1043.000000
-1564.000000
1027.000000
-1576.000000
1014.000000
-1588.000000
1012.000000
-1604.000000
1012.000000
-1620.000000
1015.000000
