-1481.000000
1061.000000
-1487.000000
1062.000000
-1495.000000
1062.000000
-1503.000000
1064.000000
-1509.000000
1071.000000
-1510.000000
1085.000000
-1509.000000
1099.000000
-1507.000000
1113.000000
-1504.000000
1127.000000
-1502.000000
1141.000000
-1499.000000
1155.000000
-1497.000000
1167.000000
-1493.000000
1181.000000
-1491.000000
1195.000000
-1489.000000
1211.000000
-1487.000000
1223.000000
-1485.000000
1239.000000
-1484.000000
1253.000000
-1482.000000
1269.000000
-1480.000000
1281.000000
-1474.000000
1293.000000
-1464.000000
1297.000000
-1456.000000
1294.000000
-1450.000000
1278.000000
-1449.000000
1264.000000
-1450.000000
1248.000000
-1452.000000
1236.000000
-1454.000000
1220.000000
-1455.000000
1206.000000
-1457.000000
1192.000000
-1457.000000
1178.000000
-1457.000000
1164.000000
-1457.000000
1150.000000
-1458.000000
1136.000000
-1459.000000
1122.000000
-1461.000000
1108.000000
-1464.000000
1092.000000
-1463.000000
1080.000000
-1464.000000
1064.000000
-1472.000000
1061.000000
