-1370.000000
672.000000
-1376.000000
680.000000
-1381.000000
700.000000
-1382.000000
718.000000
-1382.000000
736.000000
-1383.000000
752.000000
-1384.000000
770.000000
-1385.000000
788.000000
-1384.000000
804.000000
-1382.000000
822.000000
-1382.000000
836.000000
-1382.000000
854.000000
-1383.000000
868.000000
-1385.000000
886.000000
-1385.000000
902.000000
-1382.000000
918.000000
-1376.000000
934.000000
-1368.000000
944.000000
-1359.000000
952.000000
-1351.000000
954.000000
-1339.000000
948.000000
-1332.000000
940.000000
-1325.000000
928.000000
-1318.000000
912.000000
-1318.000000
896.000000
-1320.000000
878.000000
-1322.000000
866.000000
-1328.000000
850.000000
-1334.000000
832.000000
-1337.000000
818.000000
-1338.000000
800.000000
-1338.000000
786.000000
-1339.000000
768.000000
-1341.000000
754.000000
-1343.000000
736.000000
-1345.000000
718.000000
-1345.000000
702.000000
-1348.000000
684.000000
-1353.000000
672.000000
-1362.000000
669.000000
