-1563.000000
730.000000
-1575.000000
743.000000
-1585.000000
761.000000
-1589.000000
779.000000
-1592.000000
799.000000
-1594.000000
817.000000
-1596.000000
837.000000
-1599.000000
855.000000
-1602.000000
875.000000
-1606.000000
891.000000
-1611.000000
907.000000
-1618.000000
925.000000
-1623.000000
941.000000
-1628.000000
959.000000
-1632.000000
977.000000
-1635.000000
995.000000
-1634.000000
1013.000000
-1623.000000
1023.000000
-1611.000000
1027.000000
-1597.000000
1031.000000
-1585.000000
1034.000000
-1573.000000
1036.000000
-1559.000000
1037.000000
-1550.000000
1023.000000
-1549.000000
1005.000000
-1547.000000
985.000000
-1545.000000
965.000000
-1544.000000
949.000000
-1546.000000
931.000000
-1549.000000
913.000000
-1550.000000
893.000000
-1549.000000
875.000000
-1548.000000
857.000000
-1545.000000
835.000000
-1543.000000
817.000000
-1541.000000
799.000000
-1538.000000
779.000000
-1538.000000
757.000000
-1541.000000
737.000000
-1551.000000
727.000000
