-1581.000000
725.000000
-1591.000000
733.000000
-1597.000000
741.000000
-1602.000000
749.000000
-1608.000000
759.000000
-1612.000000
767.000000
-1614.000000
777.000000
-1616.000000
787.000000
-1617.000000
797.000000
-1618.000000
805.000000
-1619.000000
815.000000
-1619.000000
825.000000
-1619.000000
835.000000
-1620.000000
843.000000
-1620.000000
853.000000
-1619.000000
863.000000
-1615.000000
873.000000
-1606.000000
880.000000
-1594.000000
883.000000
-1584.000000
885.000000
-1574.000000
888.000000
-1562.000000
890.000000
-1552.000000
888.000000
-1544.000000
882.000000
-1540.000000
872.000000
-1540.000000
862.000000
-1540.000000
850.000000
-1540.000000
842.000000
-1540.000000
832.000000
-1540.000000
822.000000
-1540.000000
812.000000
-1541.000000
802.000000
-1542.000000
792.000000
-1542.000000
782.000000
-1543.000000
772.000000
-1545.000000
762.000000
-1546.000000
752.000000
-1550.000000
740.000000
-1558.000000
730.000000
-1568.000000
725.000000
