-1429.000000
958.000000
-1437.000000
962.000000
-1445.000000
974.000000
-1447.000000
988.000000
-1447.000000
1000.000000
-1444.000000
1012.000000
-1440.000000
1026.000000
-1437.000000
1038.000000
-1435.000000
1052.000000
-1434.000000
1066.000000
-1433.000000
1080.000000
-1433.000000
1094.000000
-1433.000000
1108.000000
-1434.000000
1122.000000
-1434.000000
1136.000000
-1435.000000
1150.000000
-1435.000000
1164.000000
-1434.000000
1176.000000
-1423.000000
1187.000000
-1409.000000
1187.000000
-1398.000000
1178.000000
-1391.000000
1162.000000
-1389.000000
1148.000000
-1387.000000
1134.000000
-1384.000000
1120.000000
-1383.000000
1108.000000
-1382.000000
1094.000000
-1382.000000
1080.000000
-1383.000000
1066.000000
-1384.000000
1052.000000
-1384.000000
1040.000000
-1385.000000
1024.000000
-1385.000000
1012.000000
-1383.000000
998.000000
-1379.000000
984.000000
-1377.000000
970.000000
-1384.000000
960.000000
-1394.000000
957.000000
-1406.000000
957.000000
-1415.000000
956.000000
