-1469.000000
736.000000
-1478.000000
743.000000
-1471.000000
761.000000
-1466.000000
775.000000
-1461.000000
793.000000
-1459.000000
805.000000
-1456.000000
821.000000
-1453.000000
837.000000
-1451.000000
849.000000
-1450.000000
865.000000
-1449.000000
877.000000
-1449.000000
893.000000
-1450.000000
907.000000
-1450.000000
921.000000
-1449.000000
937.000000
-1448.000000
949.000000
-1444.000000
963.000000
-1432.000000
971.000000
-1418.000000
975.000000
-1406.000000
974.000000
-1390.000000
972.000000
-1376.000000
967.000000
-1364.000000
960.000000
-1358.000000
946.000000
-1355.000000
932.000000
-1356.000000
918.000000
-1358.000000
906.000000
-1361.000000
892.000000
-1364.000000
878.000000
-1368.000000
866.000000
-1373.000000
850.000000
-1378.000000
838.000000
-1383.000000
824.000000
-1388.000000
812.000000
-1395.000000
796.000000
-1402.000000
782.000000
-1410.000000
768.000000
-1424.000000
753.000000
-1440.000000
745.000000
-1456.000000
738.000000
