-1445.000000
766.000000
-1447.000000
774.000000
-1445.000000
790.000000
-1442.000000
802.000000
-1438.000000
816.000000
-1433.000000
828.000000
-1429.000000
840.000000
-1426.000000
854.000000
-1424.000000
864.000000
-1422.000000
878.000000
-1420.000000
888.000000
-1418.000000
902.000000
-1416.000000
914.000000
-1415.000000
926.000000
-1413.000000
940.000000
-1410.000000
952.000000
-1405.000000
962.000000
-1397.000000
966.000000
-1387.000000
967.000000
-1381.000000
966.000000
-1371.000000
959.000000
-1364.000000
951.000000
-1358.000000
943.000000
-1355.000000
927.000000
-1355.000000
917.000000
-1357.000000
903.000000
-1360.000000
895.000000
-1366.000000
883.000000
-1370.000000
873.000000
-1374.000000
863.000000
-1378.000000
849.000000
-1382.000000
839.000000
-1388.000000
827.000000
-1393.000000
817.000000
-1400.000000
805.000000
-1408.000000
793.000000
-1414.000000
783.000000
-1422.000000
771.000000
-1430.000000
764.000000
-1438.000000
762.000000
