-1630.000000
986.000000
-1639.000000
991.000000
-1642.000000
1003.000000
-1643.000000
1015.000000
-1644.000000
1025.000000
-1644.000000
1037.000000
-1645.000000
1049.000000
-1645.000000
1059.000000
-1647.000000
1071.000000
-1649.000000
1083.000000
-1650.000000
1095.000000
-1651.000000
1105.000000
-1652.000000
1117.000000
-1653.000000
1129.000000
-1655.000000
1139.000000
-1659.000000
1153.000000
-1662.000000
1167.000000
-1663.000000
1177.000000
-1659.000000
1185.000000
-1649.000000
1185.000000
-1639.000000
1177.000000
-1632.000000
1167.000000
-1627.000000
1153.000000
-1622.000000
1141.000000
-1619.000000
1131.000000
-1615.000000
1117.000000
-1612.000000
1105.000000
-1609.000000
1095.000000
-1606.000000
1083.000000
-1603.000000
1071.000000
-1599.000000
1059.000000
-1596.000000
1049.000000
-1592.000000
1037.000000
-1587.000000
1025.000000
-1585.000000
1015.000000
-1583.000000
1003.000000
-1587.000000
991.000000
-1595.000000
988.000000
-1607.000000
988.000000
-1619.000000
988.000000
