-1449.000000
927.000000
-1459.000000
926.000000
-1469.000000
925.000000
-1478.000000
923.000000
-1486.000000
928.000000
-1492.000000
944.000000
-1493.000000
960.000000
-1492.000000
976.000000
-1492.000000
990.000000
-1493.000000
1006.000000
-1495.000000
1022.000000
-1497.000000
1036.000000
-1500.000000
1052.000000
-1503.000000
1070.000000
-1505.000000
1086.000000
-1507.000000
1102.000000
-1510.000000
1118.000000
-1512.000000
1136.000000
-1514.000000
1152.000000
-1513.000000
1168.000000
-1510.000000
1184.000000
-1502.000000
1193.000000
-1492.000000
1192.000000
-1485.000000
1174.000000
-1480.000000
1158.000000
-1475.000000
1142.000000
-1471.000000
1128.000000
-1467.000000
1112.000000
-1463.000000
1096.000000
-1459.000000
1078.000000
-1456.000000
1064.000000
-1452.000000
1048.000000
-1448.000000
1032.000000
-1444.000000
1018.000000
-1439.000000
1002.000000
-1436.000000
986.000000
-1433.000000
970.000000
-1433.000000
956.000000
-1433.000000
938.000000
-1439.000000
929.000000
