-1458.000000
675.000000
-1463.000000
687.000000
-1462.000000
711.000000
-1460.000000
729.000000
-1457.000000
749.000000
-1454.000000
767.000000
-1452.000000
787.000000
-1449.000000
807.000000
-1447.000000
823.000000
-1442.000000
843.000000
-1439.000000
859.000000
-1435.000000
879.000000
-1434.000000
895.000000
-1432.000000
915.000000
-1430.000000
933.000000
-1426.000000
949.000000
-1416.000000
965.000000
-1406.000000
972.000000
-1392.000000
972.000000
-1380.000000
968.000000
-1368.000000
958.000000
-1356.000000
949.000000
-1345.000000
937.000000
-1342.000000
917.000000
-1344.000000
901.000000
-1352.000000
885.000000
-1358.000000
871.000000
-1367.000000
855.000000
-1376.000000
839.000000
-1383.000000
825.000000
-1391.000000
807.000000
-1397.000000
791.000000
-1404.000000
773.000000
-1409.000000
757.000000
-1414.000000
739.000000
-1419.000000
719.000000
-1422.000000
703.000000
-1431.000000
681.000000
-1440.000000
672.000000
-1449.000000
670.000000
