-1480.000000
745.000000
-1491.000000
758.000000
-1500.000000
778.000000
-1504.000000
798.000000
-1506.000000
818.000000
-1508.000000
838.000000
-1509.000000
856.000000
-1510.000000
878.000000
-1511.000000
898.000000
-1514.000000
916.000000
-1519.000000
932.000000
-1525.000000
950.000000
-1529.000000
968.000000
-1533.000000
984.000000
-1537.000000
1004.000000
-1539.000000
1022.000000
-1539.000000
1038.000000
-1529.000000
1047.000000
-1517.000000
1049.000000
-1507.000000
1051.000000
-1493.000000
1054.000000
-1481.000000
1056.000000
-1471.000000
1056.000000
-1460.000000
1046.000000
-1456.000000
1028.000000
-1456.000000
1008.000000
-1457.000000
990.000000
-1456.000000
970.000000
-1455.000000
950.000000
-1453.000000
932.000000
-1454.000000
912.000000
-1456.000000
892.000000
-1457.000000
872.000000
-1457.000000
854.000000
-1456.000000
832.000000
-1456.000000
812.000000
-1456.000000
790.000000
-1458.000000
768.000000
-1461.000000
750.000000
-1470.000000
743.000000
