-1447.000000
1046.000000
-1458.000000
1045.000000
-1470.000000
1045.000000
-1480.000000
1047.000000
-1490.000000
1052.000000
-1494.000000
1066.000000
-1493.000000
1084.000000
-1491.000000
1102.000000
-1491.000000
1116.000000
-1491.000000
1134.000000
-1491.000000
1152.000000
-1491.000000
1166.000000
-1492.000000
1184.000000
-1491.000000
1202.000000
-1492.000000
1220.000000
-1491.000000
1234.000000
-1490.000000
1252.000000
-1487.000000
1270.000000
-1484.000000
1290.000000
-1480.000000
1306.000000
-1476.000000
1324.000000
-1466.000000
1333.000000
-1456.000000
1331.000000
-1453.000000
1311.000000
-1452.000000
1293.000000
-1451.000000
1275.000000
-1449.000000
1259.000000
-1445.000000
1243.000000
-1441.000000
1225.000000
-1436.000000
1209.000000
-1432.000000
1195.000000
-1428.000000
1177.000000
-1426.000000
1159.000000
-1425.000000
1145.000000
-1424.000000
1127.000000
-1424.000000
1109.000000
-1424.000000
1091.000000
-1424.000000
1077.000000
-1427.000000
1059.000000
-1435.000000
1050.000000
