-1726.000000
736.000000
-1739.000000
744.000000
-1742.000000
754.000000
-1741.000000
766.000000
-1739.000000
778.000000
-1736.000000
790.000000
-1734.000000
802.000000
-1733.000000
814.000000
-1731.000000
826.000000
-1731.000000
838.000000
-1732.000000
850.000000
-1734.000000
860.000000
-1734.000000
872.000000
-1734.000000
884.000000
-1733.000000
898.000000
-1729.000000
910.000000
-1720.000000
922.000000
-1708.000000
932.000000
-1692.000000
937.000000
-1678.000000
940.000000
-1660.000000
943.000000
-1648.000000
941.000000
-1640.000000
931.000000
-1638.000000
919.000000
-1638.000000
907.000000
-1639.000000
895.000000
-1640.000000
881.000000
-1644.000000
869.000000
-1647.000000
859.000000
-1650.000000
847.000000
-1653.000000
835.000000
-1655.000000
825.000000
-1659.000000
813.000000
-1663.000000
801.000000
-1668.000000
789.000000
-1673.000000
777.000000
-1677.000000
765.000000
-1682.000000
753.000000
-1690.000000
743.000000
-1708.000000
736.000000
