-1487.000000
778.000000
-1497.000000
788.000000
-1504.000000
802.000000
-1506.000000
816.000000
-1507.000000
828.000000
-1507.000000
842.000000
-1505.000000
854.000000
-1504.000000
870.000000
-1505.000000
882.000000
-1506.000000
894.000000
-1508.000000
908.000000
-1509.000000
922.000000
-1511.000000
934.000000
-1511.000000
946.000000
-1509.000000
962.000000
-1507.000000
974.000000
-1503.000000
984.000000
-1494.000000
990.000000
-1484.000000
989.000000
-1476.000000
988.000000
-1464.000000
985.000000
-1456.000000
984.000000
-1446.000000
981.000000
-1440.000000
969.000000
-1438.000000
957.000000
-1438.000000
943.000000
-1438.000000
929.000000
-1438.000000
915.000000
-1440.000000
903.000000
-1444.000000
891.000000
-1449.000000
877.000000
-1452.000000
865.000000
-1454.000000
853.000000
-1456.000000
839.000000
-1456.000000
825.000000
-1457.000000
811.000000
-1458.000000
797.000000
-1460.000000
783.000000
-1467.000000
774.000000
-1477.000000
773.000000
