-1456.000000
1087.000000
-1464.000000
1091.000000
-1472.000000
1104.000000
-1472.000000
1118.000000
-1470.000000
1132.000000
-1469.000000
1144.000000
-1467.000000
1160.000000
-1465.000000
1174.000000
-1464.000000
1188.000000
-1464.000000
1202.000000
-1465.000000
1220.000000
-1467.000000
1234.000000
-1469.000000
1250.000000
-1472.000000
1266.000000
-1474.000000
1282.000000
-1476.000000
1296.000000
-1478.000000
1312.000000
-1477.000000
1326.000000
-1470.000000
1338.000000
-1460.000000
1340.000000
-1448.000000
1329.000000
-1442.000000
1313.000000
-1438.000000
1297.000000
-1434.000000
1281.000000
-1433.000000
1267.000000
-1431.000000
1251.000000
-1428.000000
1237.000000
-1425.000000
1221.000000
-1422.000000
1207.000000
-1419.000000
1191.000000
-1417.000000
1177.000000
-1415.000000
1161.000000
-1414.000000
1147.000000
-1412.000000
1133.000000
-1411.000000
1117.000000
-1411.000000
1103.000000
-1415.000000
1089.000000
-1425.000000
1086.000000
-1434.000000
1085.000000
-1444.000000
1086.000000
