-1441.000000
757.000000
-1448.000000
768.000000
-1451.000000
788.000000
-1450.000000
804.000000
-1448.000000
824.000000
-1447.000000
840.000000
-1445.000000
860.000000
-1445.000000
878.000000
-1445.000000
894.000000
-1445.000000
912.000000
-1445.000000
928.000000
-1446.000000
946.000000
-1446.000000
962.000000
-1446.000000
980.000000
-1446.000000
998.000000
-1446.000000
1012.000000
-1441.000000
1028.000000
-1433.000000
1039.000000
-1423.000000
1042.000000
-1413.000000
1043.000000
-1401.000000
1041.000000
-1389.000000
1035.000000
-1381.000000
1025.000000
-1374.000000
1009.000000
-1374.000000
993.000000
-1377.000000
977.000000
-1380.000000
961.000000
-1383.000000
945.000000
-1388.000000
927.000000
-1390.000000
911.000000
-1392.000000
893.000000
-1394.000000
879.000000
-1397.000000
861.000000
-1401.000000
845.000000
-1404.000000
827.000000
-1408.000000
807.000000
-1410.000000
793.000000
-1416.000000
771.000000
-1423.000000
761.000000
-1433.000000
756.000000
