-1579.000000
775.000000
-1599.000000
785.000000
-1607.000000
797.000000
-1611.000000
811.000000
-1613.000000
825.000000
-1615.000000
839.000000
-1616.000000
851.000000
-1617.000000
865.000000
-1619.000000
879.000000
-1622.000000
891.000000
-1625.000000
905.000000
-1628.000000
919.000000
-1630.000000
933.000000
-1630.000000
945.000000
-1630.000000
959.000000
-1630.000000
975.000000
-1623.000000
988.000000
-1609.000000
995.000000
-1595.000000
995.000000
-1579.000000
997.000000
-1563.000000
1000.000000
-1549.000000
998.000000
-1531.000000
995.000000
-1522.000000
985.000000
-1520.000000
971.000000
-1518.000000
957.000000
-1518.000000
941.000000
-1518.000000
929.000000
-1520.000000
915.000000
-1520.000000
901.000000
-1520.000000
887.000000
-1522.000000
873.000000
-1523.000000
859.000000
-1525.000000
845.000000
-1527.000000
831.000000
-1529.000000
819.000000
-1532.000000
805.000000
-1538.000000
789.000000
-1547.000000
775.000000
-1563.000000
771.000000
