-1445.000000
913.000000
-1453.000000
914.000000
-1463.000000
914.000000
-1473.000000
914.000000
-1482.000000
917.000000
-1482.000000
931.000000
-1481.000000
943.000000
-1479.000000
957.000000
-1478.000000
969.000000
-1477.000000
983.000000
-1475.000000
997.000000
-1474.000000
1009.000000
-1472.000000
1025.000000
-1472.000000
1039.000000
-1471.000000
1055.000000
-1469.000000
1067.000000
-1468.000000
1083.000000
-1467.000000
1099.000000
-1466.000000
1113.000000
-1461.000000
1127.000000
-1453.000000
1141.000000
-1443.000000
1146.000000
-1435.000000
1144.000000
-1431.000000
1129.000000
-1432.000000
1115.000000
-1433.000000
1099.000000
-1434.000000
1087.000000
-1436.000000
1071.000000
-1437.000000
1055.000000
-1437.000000
1041.000000
-1437.000000
1029.000000
-1436.000000
1013.000000
-1434.000000
999.000000
-1432.000000
987.000000
-1430.000000
973.000000
-1429.000000
959.000000
-1427.000000
945.000000
-1427.000000
933.000000
-1427.000000
917.000000
-1436.000000
912.000000
