-1667.000000
689.000000
-1678.000000
703.000000
-1682.000000
721.000000
-1683.000000
737.000000
-1682.000000
755.000000
-1682.000000
771.000000
-1681.000000
789.000000
-1681.000000
807.000000
-1681.000000
823.000000
-1681.000000
841.000000
-1682.000000
859.000000
-1682.000000
875.000000
-1683.000000
893.000000
-1683.000000
911.000000
-1683.000000
929.000000
-1683.000000
947.000000
-1682.000000
965.000000
-1674.000000
978.000000
-1662.000000
983.000000
-1650.000000
982.000000
-1638.000000
979.000000
-1628.000000
975.000000
-1622.000000
961.000000
-1622.000000
941.000000
-1621.000000
923.000000
-1621.000000
905.000000
-1619.000000
887.000000
-1619.000000
871.000000
-1619.000000
853.000000
-1621.000000
837.000000
-1623.000000
819.000000
-1625.000000
805.000000
-1627.000000
789.000000
-1629.000000
773.000000
-1631.000000
757.000000
-1633.000000
739.000000
-1634.000000
723.000000
-1636.000000
707.000000
-1640.000000
693.000000
-1653.000000
684.000000
