-1667.000000
645.000000
-1683.000000
655.000000
-1693.000000
673.000000
-1697.000000
689.000000
-1700.000000
707.000000
-1704.000000
723.000000
-1708.000000
741.000000
-1716.000000
757.000000
-1724.000000
773.000000
-1732.000000
791.000000
-1738.000000
807.000000
-1744.000000
823.000000
-1749.000000
841.000000
-1751.000000
859.000000
-1753.000000
877.000000
-1753.000000
895.000000
-1753.000000
913.000000
-1747.000000
931.000000
-1733.000000
939.000000
-1719.000000
941.000000
-1701.000000
938.000000
-1689.000000
935.000000
-1677.000000
921.000000
-1670.000000
903.000000
-1667.000000
885.000000
-1665.000000
869.000000
-1662.000000
851.000000
-1660.000000
835.000000
-1658.000000
817.000000
-1652.000000
801.000000
-1647.000000
785.000000
-1645.000000
771.000000
-1641.000000
753.000000
-1639.000000
737.000000
-1637.000000
721.000000
-1635.000000
703.000000
-1634.000000
687.000000
-1635.000000
671.000000
-1637.000000
655.000000
-1649.000000
644.000000
