-1670.000000
1019.000000
-1682.000000
1027.000000
-1686.000000
1039.000000
-1688.000000
1051.000000
-1687.000000
1061.000000
-1686.000000
1073.000000
-1685.000000
1085.000000
-1684.000000
1097.000000
-1683.000000
1109.000000
-1682.000000
1121.000000
-1682.000000
1133.000000
-1682.000000
1143.000000
-1682.000000
1155.000000
-1682.000000
1169.000000
-1682.000000
1179.000000
-1682.000000
1193.000000
-1680.000000
1207.000000
-1676.000000
1219.000000
-1669.000000
1226.000000
-1657.000000
1226.000000
-1648.000000
1219.000000
-1642.000000
1207.000000
-1640.000000
1193.000000
-1635.000000
1179.000000
-1630.000000
1167.000000
-1626.000000
1155.000000
-1623.000000
1143.000000
-1620.000000
1131.000000
-1618.000000
1119.000000
-1616.000000
1107.000000
-1613.000000
1093.000000
-1611.000000
1083.000000
-1608.000000
1069.000000
-1606.000000
1057.000000
-1605.000000
1045.000000
-1606.000000
1033.000000
-1614.000000
1022.000000
-1626.000000
1018.000000
-1640.000000
1018.000000
-1656.000000
1018.000000
