-1568.000000
1025.000000
-1574.000000
1035.000000
-1574.000000
1047.000000
-1572.000000
1061.000000
-1569.000000
1073.000000
-1566.000000
1089.000000
-1563.000000
1101.000000
-1560.000000
1115.000000
-1559.000000
1127.000000
-1557.000000
1141.000000
-1555.000000
1155.000000
-1553.000000
1169.000000
-1551.000000
1181.000000
-1548.000000
1193.000000
-1545.000000
1205.000000
-1541.000000
1221.000000
-1535.000000
1233.000000
-1523.000000
1243.000000
-1511.000000
1246.000000
-1500.000000
1239.000000
-1497.000000
1223.000000
-1498.000000
1211.000000
-1499.000000
1197.000000
-1499.000000
1185.000000
-1500.000000
1171.000000
-1502.000000
1157.000000
-1504.000000
1143.000000
-1507.000000
1131.000000
-1507.000000
1117.000000
-1507.000000
1105.000000
-1506.000000
1089.000000
-1507.000000
1075.000000
-1510.000000
1061.000000
-1514.000000
1049.000000
-1518.000000
1035.000000
-1525.000000
1021.000000
-1534.000000
1018.000000
-1542.000000
1018.000000
-1550.000000
1020.000000
-1560.000000
1022.000000
