-1525.000000
701.000000
-1540.000000
710.000000
-1544.000000
726.000000
-1547.000000
744.000000
-1551.000000
764.000000
-1552.000000
780.000000
-1556.000000
798.000000
-1559.000000
814.000000
-1563.000000
834.000000
-1567.000000
850.000000
-1570.000000
868.000000
-1574.000000
886.000000
-1578.000000
904.000000
-1583.000000
920.000000
-1587.000000
938.000000
-1585.000000
960.000000
-1576.000000
982.000000
-1567.000000
998.000000
-1556.000000
1009.000000
-1542.000000
1020.000000
-1528.000000
1023.000000
-1516.000000
1023.000000
-1502.000000
1020.000000
-1489.000000
1008.000000
-1485.000000
990.000000
-1482.000000
970.000000
-1480.000000
948.000000
-1478.000000
928.000000
-1477.000000
910.000000
-1476.000000
892.000000
-1475.000000
872.000000
-1475.000000
852.000000
-1475.000000
834.000000
-1476.000000
814.000000
-1477.000000
796.000000
-1478.000000
776.000000
-1480.000000
758.000000
-1485.000000
736.000000
-1494.000000
714.000000
-1508.000000
701.000000
