-1597.000000
907.000000
-1608.000000
911.000000
-1606.000000
927.000000
-1602.000000
943.000000
-1600.000000
955.000000
-1598.000000
971.000000
-1596.000000
985.000000
-1592.000000
999.000000
-1590.000000
1013.000000
-1587.000000
1029.000000
-1586.000000
1045.000000
-1585.000000
1059.000000
-1584.000000
1073.000000
-1582.000000
1091.000000
-1580.000000
1105.000000
-1579.000000
1123.000000
-1578.000000
1141.000000
-1575.000000
1157.000000
-1570.000000
1169.000000
-1562.000000
1170.000000
-1554.000000
1159.000000
-1550.000000
1147.000000
-1548.000000
1129.000000
-1548.000000
1113.000000
-1548.000000
1099.000000
-1549.000000
1081.000000
-1550.000000
1065.000000
-1550.000000
1051.000000
-1550.000000
1035.000000
-1549.000000
1021.000000
-1548.000000
1007.000000
-1546.000000
993.000000
-1544.000000
979.000000
-1541.000000
965.000000
-1538.000000
953.000000
-1535.000000
939.000000
-1543.000000
925.000000
-1555.000000
922.000000
-1569.000000
917.000000
-1583.000000
912.000000
