-1544.000000
547.000000
-1558.000000
562.000000
-1567.000000
580.000000
-1572.000000
598.000000
-1573.000000
618.000000
-1574.000000
636.000000
-1576.000000
654.000000
-1580.000000
672.000000
-1583.000000
690.000000
-1586.000000
708.000000
-1589.000000
724.000000
-1596.000000
744.000000
-1599.000000
760.000000
-1603.000000
778.000000
-1605.000000
796.000000
-1604.000000
816.000000
-1600.000000
832.000000
-1589.000000
842.000000
-1577.000000
845.000000
-1563.000000
847.000000
-1549.000000
848.000000
-1537.000000
848.000000
-1523.000000
844.000000
-1513.000000
830.000000
-1512.000000
812.000000
-1511.000000
794.000000
-1510.000000
774.000000
-1511.000000
758.000000
-1516.000000
740.000000
-1518.000000
722.000000
-1518.000000
702.000000
-1519.000000
684.000000
-1518.000000
668.000000
-1518.000000
646.000000
-1518.000000
628.000000
-1518.000000
610.000000
-1518.000000
592.000000
-1517.000000
570.000000
-1519.000000
550.000000
-1532.000000
544.000000
