-1446.000000
651.000000
-1450.000000
661.000000
-1447.000000
681.000000
-1442.000000
699.000000
-1439.000000
717.000000
-1437.000000
733.000000
-1436.000000
749.000000
-1436.000000
767.000000
-1435.000000
781.000000
-1432.000000
799.000000
-1430.000000
813.000000
-1430.000000
831.000000
-1431.000000
845.000000
-1431.000000
863.000000
-1428.000000
881.000000
-1423.000000
895.000000
-1416.000000
909.000000
-1407.000000
917.000000
-1393.000000
920.000000
-1383.000000
916.000000
-1371.000000
911.000000
-1359.000000
902.000000
-1352.000000
886.000000
-1343.000000
871.000000
-1341.000000
855.000000
-1343.000000
839.000000
-1347.000000
827.000000
-1355.000000
811.000000
-1363.000000
797.000000
-1370.000000
785.000000
-1376.000000
769.000000
-1380.000000
755.000000
-1385.000000
739.000000
-1390.000000
727.000000
-1396.000000
709.000000
-1403.000000
693.000000
-1410.000000
679.000000
-1419.000000
661.000000
-1429.000000
650.000000
-1439.000000
647.000000
