-1586.000000
748.000000
-1600.000000
755.000000
-1614.000000
767.000000
-1626.000000
780.000000
-1635.000000
794.000000
-1644.000000
808.000000
-1652.000000
822.000000
-1661.000000
836.000000
-1669.000000
848.000000
-1678.000000
862.000000
-1688.000000
876.000000
-1696.000000
888.000000
-1705.000000
900.000000
-1713.000000
914.000000
-1720.000000
928.000000
-1724.000000
942.000000
-1725.000000
958.000000
-1720.000000
972.000000
-1710.000000
984.000000
-1698.000000
991.000000
-1682.000000
997.000000
-1670.000000
999.000000
-1658.000000
990.000000
-1654.000000
976.000000
-1649.000000
960.000000
-1643.000000
946.000000
-1639.000000
932.000000
-1634.000000
918.000000
-1629.000000
904.000000
-1623.000000
890.000000
-1616.000000
876.000000
-1610.000000
864.000000
-1602.000000
850.000000
-1595.000000
836.000000
-1589.000000
822.000000
-1582.000000
808.000000
-1575.000000
794.000000
-1570.000000
780.000000
-1567.000000
764.000000
-1572.000000
752.000000
