-1452.000000
738.000000
-1468.000000
751.000000
-1482.000000
767.000000
-1488.000000
785.000000
-1492.000000
803.000000
-1494.000000
819.000000
-1496.000000
835.000000
-1498.000000
855.000000
-1500.000000
871.000000
-1502.000000
887.000000
-1505.000000
903.000000
-1508.000000
919.000000
-1510.000000
935.000000
-1511.000000
951.000000
-1514.000000
969.000000
-1513.000000
985.000000
-1508.000000
1001.000000
-1494.000000
1006.000000
-1478.000000
1005.000000
-1462.000000
1004.000000
-1444.000000
1005.000000
-1428.000000
1005.000000
-1412.000000
1003.000000
-1399.000000
991.000000
-1394.000000
975.000000
-1393.000000
959.000000
-1394.000000
943.000000
-1397.000000
925.000000
-1401.000000
907.000000
-1402.000000
891.000000
-1404.000000
875.000000
-1405.000000
857.000000
-1406.000000
841.000000
-1406.000000
823.000000
-1407.000000
805.000000
-1409.000000
787.000000
-1411.000000
769.000000
-1414.000000
751.000000
-1422.000000
737.000000
-1436.000000
734.000000
