-1418.000000
692.000000
-1431.000000
702.000000
-1439.000000
718.000000
-1444.000000
734.000000
-1445.000000
750.000000
-1447.000000
768.000000
-1448.000000
782.000000
-1449.000000
800.000000
-1450.000000
816.000000
-1451.000000
832.000000
-1451.000000
848.000000
-1455.000000
864.000000
-1456.000000
880.000000
-1456.000000
896.000000
-1456.000000
914.000000
-1454.000000
930.000000
-1449.000000
944.000000
-1437.000000
951.000000
-1423.000000
956.000000
-1411.000000
958.000000
-1395.000000
960.000000
-1383.000000
959.000000
-1369.000000
955.000000
-1358.000000
944.000000
-1353.000000
930.000000
-1351.000000
912.000000
-1351.000000
896.000000
-1352.000000
878.000000
-1354.000000
862.000000
-1355.000000
846.000000
-1356.000000
830.000000
-1357.000000
812.000000
-1360.000000
796.000000
-1363.000000
780.000000
-1365.000000
762.000000
-1368.000000
744.000000
-1371.000000
728.000000
-1377.000000
708.000000
-1388.000000
696.000000
-1402.000000
692.000000
