-1573.000000
995.000000
-1584.000000
1001.000000
-1585.000000
1017.000000
-1584.000000
1033.000000
-1584.000000
1047.000000
-1583.000000
1065.000000
-1582.000000
1081.000000
-1580.000000
1097.000000
-1578.000000
1111.000000
-1576.000000
1127.000000
-1574.000000
1145.000000
-1574.000000
1161.000000
-1576.000000
1175.000000
-1577.000000
1191.000000
-1577.000000
1207.000000
-1579.000000
1227.000000
-1579.000000
1243.000000
-1575.000000
1261.000000
-1567.000000
1264.000000
-1555.000000
1260.000000
-1553.000000
1238.000000
-1552.000000
1222.000000
-1549.000000
1206.000000
-1546.000000
1190.000000
-1544.000000
1174.000000
-1541.000000
1156.000000
-1538.000000
1142.000000
-1535.000000
1126.000000
-1532.000000
1112.000000
-1529.000000
1096.000000
-1526.000000
1078.000000
-1524.000000
1064.000000
-1522.000000
1048.000000
-1519.000000
1034.000000
-1516.000000
1018.000000
-1519.000000
1003.000000
-1529.000000
1000.000000
-1541.000000
998.000000
-1551.000000
997.000000
-1563.000000
996.000000
