-1621.000000
1027.000000
-1634.000000
1038.000000
-1639.000000
1054.000000
-1643.000000
1072.000000
-1643.000000
1086.000000
-1643.000000
1104.000000
-1643.000000
1120.000000
-1642.000000
1134.000000
-1640.000000
1150.000000
-1639.000000
1168.000000
-1637.000000
1184.000000
-1636.000000
1198.000000
-1634.000000
1214.000000
-1632.000000
1232.000000
-1629.000000
1248.000000
-1625.000000
1266.000000
-1620.000000
1286.000000
-1615.000000
1302.000000
-1607.000000
1313.000000
-1595.000000
1315.000000
-1588.000000
1303.000000
-1589.000000
1287.000000
-1590.000000
1267.000000
-1588.000000
1249.000000
-1586.000000
1233.000000
-1585.000000
1217.000000
-1583.000000
1199.000000
-1582.000000
1185.000000
-1578.000000
1167.000000
-1574.000000
1151.000000
-1571.000000
1135.000000
-1567.000000
1119.000000
-1564.000000
1103.000000
-1560.000000
1085.000000
-1559.000000
1069.000000
-1560.000000
1051.000000
-1567.000000
1035.000000
-1579.000000
1028.000000
-1593.000000
1025.000000
-1609.000000
1025.000000
