-1459.000000
538.000000
-1468.000000
555.000000
-1472.000000
577.000000
-1477.000000
597.000000
-1480.000000
617.000000
-1481.000000
637.000000
-1483.000000
657.000000
-1485.000000
677.000000
-1486.000000
697.000000
-1488.000000
715.000000
-1490.000000
733.000000
-1493.000000
751.000000
-1498.000000
769.000000
-1500.000000
787.000000
-1503.000000
809.000000
-1502.000000
827.000000
-1498.000000
843.000000
-1487.000000
850.000000
-1477.000000
853.000000
-1465.000000
852.000000
-1451.000000
849.000000
-1439.000000
848.000000
-1427.000000
846.000000
-1417.000000
829.000000
-1412.000000
811.000000
-1409.000000
793.000000
-1409.000000
775.000000
-1411.000000
753.000000
-1413.000000
735.000000
-1415.000000
717.000000
-1418.000000
697.000000
-1419.000000
679.000000
-1421.000000
659.000000
-1423.000000
641.000000
-1426.000000
619.000000
-1429.000000
599.000000
-1431.000000
579.000000
-1434.000000
555.000000
-1438.000000
539.000000
-1449.000000
533.000000
