-1628.000000
739.000000
-1638.000000
750.000000
-1644.000000
764.000000
-1648.000000
778.000000
-1652.000000
792.000000
-1657.000000
806.000000
-1658.000000
820.000000
-1660.000000
834.000000
-1663.000000
848.000000
-1665.000000
860.000000
-1669.000000
874.000000
-1672.000000
886.000000
-1674.000000
900.000000
-1676.000000
914.000000
-1679.000000
928.000000
-1679.000000
942.000000
-1677.000000
956.000000
-1670.000000
966.000000
-1658.000000
971.000000
-1648.000000
975.000000
-1636.000000
978.000000
-1626.000000
976.000000
-1617.000000
963.000000
-1615.000000
949.000000
-1615.000000
935.000000
-1613.000000
921.000000
-1612.000000
909.000000
-1612.000000
895.000000
-1613.000000
881.000000
-1616.000000
867.000000
-1616.000000
853.000000
-1615.000000
843.000000
-1615.000000
829.000000
-1614.000000
815.000000
-1613.000000
801.000000
-1611.000000
787.000000
-1610.000000
775.000000
-1610.000000
761.000000
-1611.000000
747.000000
-1617.000000
739.000000
