-1517.000000
733.000000
-1533.000000
744.000000
-1542.000000
760.000000
-1545.000000
776.000000
-1546.000000
790.000000
-1547.000000
806.000000
-1549.000000
822.000000
-1551.000000
838.000000
-1554.000000
854.000000
-1556.000000
868.000000
-1559.000000
884.000000
-1563.000000
898.000000
-1566.000000
912.000000
-1569.000000
928.000000
-1570.000000
944.000000
-1568.000000
960.000000
-1560.000000
972.000000
-1548.000000
981.000000
-1534.000000
985.000000
-1520.000000
987.000000
-1504.000000
986.000000
-1492.000000
983.000000
-1478.000000
978.000000
-1463.000000
968.000000
-1460.000000
954.000000
-1456.000000
938.000000
-1456.000000
922.000000
-1457.000000
906.000000
-1457.000000
890.000000
-1457.000000
876.000000
-1459.000000
860.000000
-1461.000000
844.000000
-1463.000000
828.000000
-1464.000000
814.000000
-1465.000000
796.000000
-1466.000000
780.000000
-1469.000000
764.000000
-1475.000000
746.000000
-1485.000000
735.000000
-1501.000000
733.000000
