-1600.000000
670.000000
-1611.000000
685.000000
-1613.000000
707.000000
-1610.000000
725.000000
-1608.000000
749.000000
-1609.000000
769.000000
-1612.000000
789.000000
-1614.000000
807.000000
-1613.000000
829.000000
-1611.000000
847.000000
-1607.000000
867.000000
-1608.000000
887.000000
-1611.000000
905.000000
-1612.000000
925.000000
-1611.000000
943.000000
-1609.000000
965.000000
-1604.000000
983.000000
-1590.000000
992.000000
-1576.000000
992.000000
-1560.000000
992.000000
-1546.000000
992.000000
-1532.000000
992.000000
-1518.000000
986.000000
-1510.000000
968.000000
-1513.000000
948.000000
-1514.000000
930.000000
-1515.000000
908.000000
-1517.000000
888.000000
-1523.000000
870.000000
-1531.000000
852.000000
-1540.000000
832.000000
-1544.000000
814.000000
-1548.000000
794.000000
-1551.000000
774.000000
-1553.000000
754.000000
-1556.000000
736.000000
-1560.000000
714.000000
-1564.000000
692.000000
-1574.000000
671.000000
-1588.000000
666.000000
