-1686.000000
794.000000
-1700.000000
804.000000
-1707.000000
814.000000
-1709.000000
826.000000
-1710.000000
836.000000
-1711.000000
848.000000
-1711.000000
858.000000
-1710.000000
868.000000
-1709.000000
878.000000
-1709.000000
890.000000
-1710.000000
902.000000
-1712.000000
910.000000
-1714.000000
922.000000
-1714.000000
934.000000
-1714.000000
944.000000
-1713.000000
956.000000
-1710.000000
966.000000
-1701.000000
972.000000
-1687.000000
973.000000
-1675.000000
972.000000
-1661.000000
970.000000
-1649.000000
966.000000
-1642.000000
956.000000
-1639.000000
944.000000
-1637.000000
932.000000
-1636.000000
922.000000
-1636.000000
912.000000
-1635.000000
900.000000
-1635.000000
890.000000
-1636.000000
880.000000
-1637.000000
870.000000
-1639.000000
862.000000
-1641.000000
852.000000
-1642.000000
842.000000
-1643.000000
830.000000
-1645.000000
820.000000
-1646.000000
810.000000
-1648.000000
802.000000
-1655.000000
793.000000
-1670.000000
790.000000
