-1471.000000
1035.000000
-1481.000000
1036.000000
-1491.000000
1037.000000
-1503.000000
1038.000000
-1510.000000
1041.000000
-1514.000000
1055.000000
-1511.000000
1067.000000
-1504.000000
1081.000000
-1500.000000
1091.000000
-1495.000000
1105.000000
-1493.000000
1119.000000
-1490.000000
1131.000000
-1489.000000
1145.000000
-1490.000000
1161.000000
-1489.000000
1175.000000
-1488.000000
1189.000000
-1487.000000
1203.000000
-1485.000000
1219.000000
-1483.000000
1235.000000
-1481.000000
1249.000000
-1476.000000
1263.000000
-1469.000000
1270.000000
-1461.000000
1266.000000
-1457.000000
1248.000000
-1455.000000
1234.000000
-1453.000000
1218.000000
-1452.000000
1206.000000
-1452.000000
1190.000000
-1451.000000
1174.000000
-1452.000000
1160.000000
-1453.000000
1148.000000
-1454.000000
1132.000000
-1454.000000
1118.000000
-1452.000000
1106.000000
-1451.000000
1092.000000
-1450.000000
1078.000000
-1448.000000
1064.000000
-1447.000000
1054.000000
-1449.000000
1040.000000
-1461.000000
1036.000000
