-1609.000000
682.000000
-1627.000000
692.000000
-1634.000000
708.000000
-1640.000000
724.000000
-1644.000000
738.000000
-1649.000000
754.000000
-1654.000000
770.000000
-1659.000000
786.000000
-1663.000000
802.000000
-1666.000000
818.000000
-1668.000000
836.000000
-1670.000000
850.000000
-1672.000000
868.000000
-1676.000000
884.000000
-1677.000000
902.000000
-1677.000000
920.000000
-1673.000000
936.000000
-1663.000000
952.000000
-1649.000000
962.000000
-1631.000000
967.000000
-1613.000000
967.000000
-1599.000000
964.000000
-1584.000000
953.000000
-1580.000000
935.000000
-1578.000000
919.000000
-1576.000000
903.000000
-1574.000000
887.000000
-1572.000000
871.000000
-1569.000000
855.000000
-1567.000000
839.000000
-1565.000000
823.000000
-1562.000000
809.000000
-1559.000000
795.000000
-1557.000000
779.000000
-1557.000000
763.000000
-1557.000000
745.000000
-1557.000000
731.000000
-1560.000000
715.000000
-1568.000000
699.000000
-1587.000000
686.000000
