-1411.000000
1058.000000
-1423.000000
1057.000000
-1432.000000
1068.000000
-1434.000000
1082.000000
-1435.000000
1098.000000
-1436.000000
1114.000000
-1436.000000
1130.000000
-1436.000000
1146.000000
-1437.000000
1160.000000
-1438.000000
1176.000000
-1439.000000
1194.000000
-1440.000000
1210.000000
-1444.000000
1226.000000
-1447.000000
1240.000000
-1449.000000
1258.000000
-1451.000000
1274.000000
-1453.000000
1290.000000
-1455.000000
1304.000000
-1449.000000
1322.000000
-1439.000000
1327.000000
-1427.000000
1320.000000
-1420.000000
1304.000000
-1417.000000
1290.000000
-1413.000000
1274.000000
-1408.000000
1260.000000
-1404.000000
1246.000000
-1400.000000
1230.000000
-1397.000000
1216.000000
-1393.000000
1202.000000
-1389.000000
1188.000000
-1384.000000
1174.000000
-1377.000000
1160.000000
-1371.000000
1146.000000
-1368.000000
1132.000000
-1366.000000
1118.000000
-1363.000000
1102.000000
-1366.000000
1086.000000
-1377.000000
1076.000000
-1387.000000
1072.000000
-1399.000000
1066.000000
