-1576.000000
1070.000000
-1582.000000
1077.000000
-1582.000000
1089.000000
-1578.000000
1103.000000
-1574.000000
1115.000000
-1570.000000
1131.000000
-1568.000000
1145.000000
-1567.000000
1159.000000
-1566.000000
1171.000000
-1565.000000
1185.000000
-1563.000000
1201.000000
-1562.000000
1213.000000
-1560.000000
1227.000000
-1558.000000
1241.000000
-1556.000000
1255.000000
-1553.000000
1269.000000
-1549.000000
1283.000000
-1541.000000
1297.000000
-1533.000000
1300.000000
-1524.000000
1293.000000
-1522.000000
1279.000000
-1522.000000
1265.000000
-1521.000000
1251.000000
-1520.000000
1239.000000
-1521.000000
1225.000000
-1522.000000
1209.000000
-1522.000000
1197.000000
-1522.000000
1183.000000
-1523.000000
1169.000000
-1524.000000
1155.000000
-1523.000000
1141.000000
-1522.000000
1127.000000
-1523.000000
1113.000000
-1526.000000
1099.000000
-1528.000000
1085.000000
-1533.000000
1072.000000
-1541.000000
1070.000000
-1549.000000
1069.000000
-1558.000000
1068.000000
-1566.000000
1068.000000
