-1403.000000
1069.000000
-1414.000000
1069.000000
-1422.000000
1079.000000
-1424.000000
1095.000000
-1424.000000
1111.000000
-1423.000000
1127.000000
-1422.000000
1143.000000
-1421.000000
1159.000000
-1421.000000
1173.000000
-1422.000000
1189.000000
-1421.000000
1207.000000
-1420.000000
1223.000000
-1419.000000
1239.000000
-1418.000000
1255.000000
-1415.000000
1273.000000
-1413.000000
1289.000000
-1411.000000
1305.000000
-1409.000000
1321.000000
-1405.000000
1339.000000
-1393.000000
1342.000000
-1383.000000
1336.000000
-1376.000000
1320.000000
-1372.000000
1304.000000
-1370.000000
1290.000000
-1367.000000
1276.000000
-1363.000000
1262.000000
-1358.000000
1248.000000
-1354.000000
1234.000000
-1352.000000
1220.000000
-1350.000000
1204.000000
-1349.000000
1190.000000
-1350.000000
1172.000000
-1349.000000
1158.000000
-1349.000000
1142.000000
-1350.000000
1126.000000
-1353.000000
1108.000000
-1358.000000
1092.000000
-1369.000000
1082.000000
-1379.000000
1076.000000
-1391.000000
1073.000000
