-1618.000000
935.000000
-1627.000000
943.000000
-1630.000000
957.000000
-1628.000000
971.000000
-1626.000000
983.000000
-1623.000000
997.000000
-1620.000000
1011.000000
-1618.000000
1025.000000
-1617.000000
1039.000000
-1616.000000
1053.000000
-1615.000000
1067.000000
-1614.000000
1081.000000
-1612.000000
1095.000000
-1610.000000
1111.000000
-1608.000000
1125.000000
-1606.000000
1141.000000
-1604.000000
1157.000000
-1600.000000
1171.000000
-1593.000000
1180.000000
-1583.000000
1180.000000
-1573.000000
1171.000000
-1572.000000
1157.000000
-1572.000000
1141.000000
-1571.000000
1125.000000
-1571.000000
1111.000000
-1571.000000
1095.000000
-1573.000000
1081.000000
-1573.000000
1067.000000
-1572.000000
1053.000000
-1571.000000
1037.000000
-1570.000000
1023.000000
-1569.000000
1009.000000
-1566.000000
995.000000
-1562.000000
981.000000
-1561.000000
967.000000
-1563.000000
953.000000
-1571.000000
940.000000
-1581.000000
936.000000
-1593.000000
934.000000
-1606.000000
933.000000
