-1365.000000
524.000000
-1373.000000
534.000000
-1379.000000
558.000000
-1379.000000
578.000000
-1378.000000
602.000000
-1376.000000
622.000000
-1375.000000
644.000000
-1375.000000
666.000000
-1375.000000
684.000000
-1375.000000
706.000000
-1376.000000
722.000000
-1380.000000
744.000000
-1382.000000
762.000000
-1384.000000
782.000000
-1384.000000
802.000000
-1383.000000
820.000000
-1381.000000
840.000000
-1374.000000
851.000000
-1364.000000
854.000000
-1354.000000
853.000000
-1344.000000
850.000000
-1332.000000
843.000000
-1325.000000
831.000000
-1317.000000
809.000000
-1315.000000
793.000000
-1315.000000
773.000000
-1318.000000
757.000000
-1323.000000
739.000000
-1326.000000
717.000000
-1327.000000
701.000000
-1328.000000
679.000000
-1330.000000
661.000000
-1331.000000
641.000000
-1332.000000
623.000000
-1333.000000
601.000000
-1334.000000
577.000000
-1335.000000
559.000000
-1338.000000
537.000000
-1347.000000
526.000000
-1357.000000
522.000000
