-1431.000000
708.000000
-1446.000000
721.000000
-1455.000000
741.000000
-1457.000000
761.000000
-1458.000000
779.000000
-1459.000000
799.000000
-1460.000000
817.000000
-1460.000000
839.000000
-1461.000000
857.000000
-1462.000000
877.000000
-1464.000000
897.000000
-1464.000000
915.000000
-1466.000000
935.000000
-1466.000000
955.000000
-1465.000000
977.000000
-1462.000000
999.000000
-1457.000000
1015.000000
-1447.000000
1026.000000
-1437.000000
1030.000000
-1425.000000
1029.000000
-1413.000000
1026.000000
-1401.000000
1022.000000
-1391.000000
1015.000000
-1383.000000
1000.000000
-1379.000000
980.000000
-1378.000000
958.000000
-1377.000000
938.000000
-1376.000000
916.000000
-1373.000000
896.000000
-1371.000000
878.000000
-1370.000000
858.000000
-1371.000000
838.000000
-1373.000000
820.000000
-1377.000000
800.000000
-1380.000000
780.000000
-1382.000000
762.000000
-1385.000000
742.000000
-1388.000000
720.000000
-1400.000000
708.000000
-1415.000000
704.000000
