-1382.000000
1021.000000
-1396.000000
1021.000000
-1406.000000
1034.000000
-1408.000000
1048.000000
-1407.000000
1064.000000
-1406.000000
1080.000000
-1406.000000
1096.000000
-1405.000000
1112.000000
-1404.000000
1128.000000
-1403.000000
1144.000000
-1404.000000
1162.000000
-1404.000000
1178.000000
-1403.000000
1194.000000
-1401.000000
1212.000000
-1399.000000
1230.000000
-1396.000000
1246.000000
-1393.000000
1264.000000
-1390.000000
1280.000000
-1383.000000
1298.000000
-1371.000000
1300.000000
-1361.000000
1291.000000
-1357.000000
1271.000000
-1358.000000
1255.000000
-1358.000000
1237.000000
-1357.000000
1221.000000
-1355.000000
1205.000000
-1353.000000
1189.000000
-1352.000000
1173.000000
-1350.000000
1157.000000
-1347.000000
1141.000000
-1343.000000
1127.000000
-1337.000000
1111.000000
-1332.000000
1095.000000
-1328.000000
1081.000000
-1324.000000
1065.000000
-1322.000000
1049.000000
-1329.000000
1035.000000
-1341.000000
1029.000000
-1355.000000
1024.000000
-1367.000000
1024.000000
