-1620.000000
1039.000000
-1631.000000
1048.000000
-1634.000000
1062.000000
-1633.000000
1078.000000
-1632.000000
1090.000000
-1630.000000
1104.000000
-1628.000000
1120.000000
-1626.000000
1132.000000
-1625.000000
1146.000000
-1623.000000
1160.000000
-1623.000000
1174.000000
-1621.000000
1188.000000
-1620.000000
1202.000000
-1617.000000
1218.000000
-1615.000000
1230.000000
-1611.000000
1246.000000
-1606.000000
1262.000000
-1601.000000
1274.000000
-1590.000000
1283.000000
-1578.000000
1283.000000
-1567.000000
1274.000000
-1563.000000
1260.000000
-1562.000000
1244.000000
-1563.000000
1228.000000
-1564.000000
1216.000000
-1566.000000
1200.000000
-1566.000000
1186.000000
-1566.000000
1172.000000
-1565.000000
1158.000000
-1563.000000
1142.000000
-1561.000000
1128.000000
-1559.000000
1114.000000
-1558.000000
1100.000000
-1557.000000
1084.000000
-1557.000000
1070.000000
-1559.000000
1056.000000
-1568.000000
1042.000000
-1580.000000
1037.000000
-1594.000000
1037.000000
-1608.000000
1037.000000
