-1510.000000
738.000000
-1522.000000
746.000000
-1528.000000
756.000000
-1528.000000
766.000000
-1527.000000
776.000000
-1526.000000
786.000000
-1526.000000
796.000000
-1528.000000
806.000000
-1529.000000
816.000000
-1530.000000
826.000000
-1531.000000
836.000000
-1531.000000
844.000000
-1532.000000
854.000000
-1532.000000
864.000000
-1532.000000
874.000000
-1531.000000
884.000000
-1527.000000
892.000000
-1517.000000
894.000000
-1507.000000
894.000000
-1497.000000
892.000000
-1485.000000
889.000000
-1475.000000
887.000000
-1463.000000
884.000000
-1457.000000
876.000000
-1450.000000
866.000000
-1449.000000
856.000000
-1451.000000
848.000000
-1454.000000
838.000000
-1456.000000
828.000000
-1457.000000
818.000000
-1457.000000
808.000000
-1458.000000
800.000000
-1459.000000
790.000000
-1460.000000
780.000000
-1462.000000
770.000000
-1464.000000
760.000000
-1467.000000
750.000000
-1474.000000
740.000000
-1484.000000
736.000000
-1496.000000
735.000000
