-1452.000000
1058.000000
-1462.000000
1056.000000
-1472.000000
1053.000000
-1483.000000
1053.000000
-1491.000000
1057.000000
-1497.000000
1069.000000
-1499.000000
1085.000000
-1499.000000
1099.000000
-1498.000000
1113.000000
-1496.000000
1129.000000
-1497.000000
1143.000000
-1497.000000
1155.000000
-1498.000000
1171.000000
-1499.000000
1187.000000
-1499.000000
1203.000000
-1499.000000
1217.000000
-1500.000000
1231.000000
-1501.000000
1247.000000
-1502.000000
1263.000000
-1503.000000
1277.000000
-1501.000000
1291.000000
-1492.000000
1300.000000
-1484.000000
1298.000000
-1474.000000
1284.000000
-1471.000000
1270.000000
-1468.000000
1254.000000
-1466.000000
1240.000000
-1464.000000
1226.000000
-1460.000000
1210.000000
-1457.000000
1196.000000
-1454.000000
1182.000000
-1450.000000
1168.000000
-1447.000000
1154.000000
-1444.000000
1140.000000
-1442.000000
1126.000000
-1438.000000
1112.000000
-1435.000000
1098.000000
-1433.000000
1084.000000
-1434.000000
1070.000000
-1442.000000
1062.000000
