-1598.000000
633.000000
-1609.000000
649.000000
-1613.000000
667.000000
-1615.000000
685.000000
-1615.000000
705.000000
-1616.000000
723.000000
-1619.000000
739.000000
-1622.000000
757.000000
-1626.000000
777.000000
-1630.000000
793.000000
-1631.000000
811.000000
-1634.000000
829.000000
-1638.000000
847.000000
-1640.000000
865.000000
-1641.000000
885.000000
-1638.000000
905.000000
-1631.000000
923.000000
-1619.000000
935.000000
-1607.000000
941.000000
-1593.000000
938.000000
-1579.000000
937.000000
-1567.000000
936.000000
-1551.000000
936.000000
-1545.000000
919.000000
-1544.000000
899.000000
-1543.000000
881.000000
-1541.000000
859.000000
-1540.000000
841.000000
-1541.000000
823.000000
-1544.000000
805.000000
-1548.000000
787.000000
-1551.000000
769.000000
-1553.000000
753.000000
-1555.000000
733.000000
-1556.000000
715.000000
-1559.000000
697.000000
-1562.000000
679.000000
-1567.000000
657.000000
-1574.000000
639.000000
-1585.000000
629.000000
