-1447.000000
978.000000
-1459.000000
980.000000
-1466.000000
990.000000
-1469.000000
1004.000000
-1470.000000
1018.000000
-1467.000000
1032.000000
-1466.000000
1046.000000
-1465.000000
1060.000000
-1465.000000
1074.000000
-1464.000000
1088.000000
-1463.000000
1104.000000
-1463.000000
1118.000000
-1463.000000
1132.000000
-1465.000000
1148.000000
-1466.000000
1162.000000
-1467.000000
1176.000000
-1470.000000
1192.000000
-1471.000000
1206.000000
-1466.000000
1220.000000
-1458.000000
1222.000000
-1448.000000
1214.000000
-1441.000000
1196.000000
-1437.000000
1184.000000
-1432.000000
1170.000000
-1428.000000
1154.000000
-1425.000000
1142.000000
-1421.000000
1128.000000
-1418.000000
1114.000000
-1415.000000
1100.000000
-1412.000000
1086.000000
-1409.000000
1074.000000
-1404.000000
1058.000000
-1401.000000
1046.000000
-1398.000000
1032.000000
-1396.000000
1020.000000
-1396.000000
1004.000000
-1401.000000
990.000000
-1411.000000
986.000000
-1423.000000
983.000000
-1433.000000
981.000000
