-1629.000000
640.000000
-1642.000000
653.000000
-1650.000000
669.000000
-1656.000000
685.000000
-1663.000000
703.000000
-1669.000000
717.000000
-1675.000000
733.000000
-1681.000000
749.000000
-1690.000000
765.000000
-1697.000000
779.000000
-1703.000000
795.000000
-1708.000000
809.000000
-1715.000000
825.000000
-1726.000000
841.000000
-1732.000000
857.000000
-1733.000000
871.000000
-1731.000000
887.000000
-1723.000000
901.000000
-1709.000000
909.000000
-1697.000000
917.000000
-1683.000000
920.000000
-1671.000000
917.000000
-1658.000000
906.000000
-1651.000000
890.000000
-1647.000000
874.000000
-1647.000000
858.000000
-1645.000000
842.000000
-1643.000000
826.000000
-1640.000000
810.000000
-1636.000000
794.000000
-1632.000000
778.000000
-1630.000000
764.000000
-1627.000000
748.000000
-1624.000000
734.000000
-1620.000000
716.000000
-1618.000000
700.000000
-1615.000000
684.000000
-1613.000000
668.000000
-1611.000000
652.000000
-1616.000000
639.000000
