-1434.000000
530.000000
-1445.000000
546.000000
-1452.000000
570.000000
-1455.000000
590.000000
-1456.000000
612.000000
-1459.000000
634.000000
-1460.000000
654.000000
-1461.000000
678.000000
-1463.000000
696.000000
-1465.000000
716.000000
-1471.000000
734.000000
-1478.000000
752.000000
-1484.000000
770.000000
-1488.000000
790.000000
-1491.000000
812.000000
-1490.000000
830.000000
-1485.000000
848.000000
-1476.000000
858.000000
-1464.000000
863.000000
-1452.000000
863.000000
-1436.000000
861.000000
-1426.000000
861.000000
-1412.000000
857.000000
-1400.000000
845.000000
-1397.000000
825.000000
-1394.000000
805.000000
-1392.000000
785.000000
-1392.000000
765.000000
-1395.000000
745.000000
-1400.000000
725.000000
-1402.000000
707.000000
-1401.000000
685.000000
-1400.000000
665.000000
-1399.000000
643.000000
-1400.000000
621.000000
-1401.000000
599.000000
-1405.000000
577.000000
-1408.000000
553.000000
-1414.000000
533.000000
-1424.000000
525.000000
