-1548.000000
934.000000
-1559.000000
940.000000
-1560.000000
954.000000
-1558.000000
968.000000
-1556.000000
982.000000
-1555.000000
998.000000
-1555.000000
1012.000000
-1554.000000
1026.000000
-1553.000000
1042.000000
-1554.000000
1056.000000
-1556.000000
1072.000000
-1558.000000
1088.000000
-1557.000000
1102.000000
-1555.000000
1118.000000
-1553.000000
1132.000000
-1551.000000
1150.000000
-1549.000000
1166.000000
-1543.000000
1180.000000
-1533.000000
1184.000000
-1523.000000
1178.000000
-1520.000000
1160.000000
-1520.000000
1146.000000
-1520.000000
1130.000000
-1519.000000
1116.000000
-1519.000000
1100.000000
-1518.000000
1082.000000
-1518.000000
1068.000000
-1516.000000
1052.000000
-1513.000000
1038.000000
-1511.000000
1024.000000
-1507.000000
1008.000000
-1505.000000
994.000000
-1501.000000
978.000000
-1498.000000
964.000000
-1493.000000
950.000000
-1497.000000
938.000000
-1507.000000
935.000000
-1517.000000
934.000000
-1528.000000
933.000000
-1538.000000
933.000000
