-1447.000000
930.000000
-1457.000000
930.000000
-1467.000000
929.000000
-1477.000000
930.000000
-1485.000000
935.000000
-1487.000000
951.000000
-1484.000000
967.000000
-1481.000000
985.000000
-1479.000000
999.000000
-1476.000000
1015.000000
-1474.000000
1033.000000
-1471.000000
1047.000000
-1466.000000
1063.000000
-1463.000000
1081.000000
-1461.000000
1099.000000
-1458.000000
1115.000000
-1456.000000
1131.000000
-1455.000000
1151.000000
-1455.000000
1169.000000
-1455.000000
1185.000000
-1450.000000
1201.000000
-1441.000000
1206.000000
-1433.000000
1202.000000
-1426.000000
1184.000000
-1425.000000
1168.000000
-1425.000000
1148.000000
-1426.000000
1134.000000
-1427.000000
1116.000000
-1428.000000
1098.000000
-1428.000000
1080.000000
-1428.000000
1066.000000
-1428.000000
1050.000000
-1427.000000
1032.000000
-1426.000000
1018.000000
-1426.000000
1002.000000
-1426.000000
984.000000
-1426.000000
968.000000
-1426.000000
954.000000
-1426.000000
936.000000
-1437.000000
930.000000
