-1463.000000
996.000000
-1475.000000
996.000000
-1487.000000
996.000000
-1499.000000
996.000000
-1509.000000
1000.000000
-1514.000000
1014.000000
-1514.000000
1026.000000
-1513.000000
1040.000000
-1511.000000
1052.000000
-1511.000000
1066.000000
-1511.000000
1080.000000
-1511.000000
1092.000000
-1510.000000
1106.000000
-1510.000000
1120.000000
-1510.000000
1136.000000
-1512.000000
1148.000000
-1514.000000
1162.000000
-1516.000000
1178.000000
-1517.000000
1192.000000
-1518.000000
1204.000000
-1515.000000
1218.000000
-1506.000000
1224.000000
-1496.000000
1222.000000
-1488.000000
1208.000000
-1480.000000
1194.000000
-1473.000000
1178.000000
-1470.000000
1166.000000
-1465.000000
1152.000000
-1460.000000
1138.000000
-1457.000000
1124.000000
-1454.000000
1112.000000
-1451.000000
1096.000000
-1449.000000
1082.000000
-1446.000000
1070.000000
-1444.000000
1056.000000
-1442.000000
1042.000000
-1441.000000
1028.000000
-1440.000000
1016.000000
-1441.000000
1002.000000
-1451.000000
996.000000
