-1563.000000
770.000000
-1574.000000
784.000000
-1580.000000
796.000000
-1583.000000
810.000000
-1585.000000
824.000000
-1587.000000
836.000000
-1588.000000
848.000000
-1590.000000
862.000000
-1591.000000
874.000000
-1592.000000
888.000000
-1594.000000
900.000000
-1596.000000
912.000000
-1597.000000
926.000000
-1598.000000
938.000000
-1598.000000
950.000000
-1598.000000
966.000000
-1596.000000
978.000000
-1584.000000
983.000000
-1574.000000
983.000000
-1562.000000
981.000000
-1552.000000
981.000000
-1540.000000
982.000000
-1528.000000
980.000000
-1523.000000
969.000000
-1523.000000
955.000000
-1523.000000
941.000000
-1523.000000
927.000000
-1525.000000
915.000000
-1527.000000
903.000000
-1529.000000
891.000000
-1532.000000
877.000000
-1534.000000
865.000000
-1535.000000
853.000000
-1536.000000
839.000000
-1537.000000
825.000000
-1538.000000
813.000000
-1538.000000
801.000000
-1541.000000
785.000000
-1545.000000
771.000000
-1553.000000
766.000000
