-1426.000000
1034.000000
-1438.000000
1039.000000
-1445.000000
1051.000000
-1445.000000
1065.000000
-1443.000000
1079.000000
-1440.000000
1093.000000
-1438.000000
1107.000000
-1436.000000
1121.000000
-1434.000000
1135.000000
-1434.000000
1149.000000
-1435.000000
1167.000000
-1436.000000
1181.000000
-1438.000000
1197.000000
-1440.000000
1211.000000
-1442.000000
1227.000000
-1444.000000
1243.000000
-1445.000000
1259.000000
-1442.000000
1273.000000
-1434.000000
1284.000000
-1424.000000
1288.000000
-1417.000000
1275.000000
-1415.000000
1257.000000
-1411.000000
1243.000000
-1404.000000
1225.000000
-1400.000000
1211.000000
-1396.000000
1195.000000
-1393.000000
1179.000000
-1391.000000
1163.000000
-1389.000000
1149.000000
-1387.000000
1133.000000
-1386.000000
1119.000000
-1384.000000
1101.000000
-1382.000000
1087.000000
-1380.000000
1073.000000
-1379.000000
1057.000000
-1379.000000
1041.000000
-1384.000000
1029.000000
-1394.000000
1025.000000
-1404.000000
1026.000000
-1416.000000
1031.000000
