-1460.000000
1017.000000
-1468.000000
1017.000000
-1478.000000
1019.000000
-1488.000000
1022.000000
-1494.000000
1026.000000
-1499.000000
1040.000000
-1498.000000
1052.000000
-1496.000000
1066.000000
-1496.000000
1078.000000
-1495.000000
1090.000000
-1493.000000
1102.000000
-1490.000000
1114.000000
-1487.000000
1126.000000
-1485.000000
1140.000000
-1483.000000
1154.000000
-1482.000000
1166.000000
-1481.000000
1178.000000
-1480.000000
1192.000000
-1477.000000
1206.000000
-1474.000000
1216.000000
-1466.000000
1228.000000
-1456.000000
1232.000000
-1446.000000
1229.000000
-1441.000000
1215.000000
-1440.000000
1203.000000
-1440.000000
1189.000000
-1441.000000
1177.000000
-1441.000000
1163.000000
-1441.000000
1151.000000
-1442.000000
1137.000000
-1442.000000
1125.000000
-1442.000000
1113.000000
-1440.000000
1099.000000
-1438.000000
1087.000000
-1437.000000
1073.000000
-1437.000000
1061.000000
-1438.000000
1047.000000
-1438.000000
1035.000000
-1441.000000
1023.000000
-1450.000000
1017.000000
