-1602.000000
979.000000
-1611.000000
988.000000
-1610.000000
1000.000000
-1607.000000
1014.000000
-1604.000000
1026.000000
-1602.000000
1040.000000
-1601.000000
1054.000000
-1599.000000
1066.000000
-1598.000000
1080.000000
-1596.000000
1094.000000
-1593.000000
1108.000000
-1591.000000
1120.000000
-1588.000000
1134.000000
-1586.000000
1146.000000
-1584.000000
1160.000000
-1580.000000
1176.000000
-1575.000000
1188.000000
-1567.000000
1200.000000
-1557.000000
1202.000000
-1546.000000
1192.000000
-1544.000000
1176.000000
-1544.000000
1164.000000
-1544.000000
1150.000000
-1544.000000
1136.000000
-1543.000000
1122.000000
-1543.000000
1106.000000
-1543.000000
1094.000000
-1543.000000
1080.000000
-1542.000000
1066.000000
-1541.000000
1052.000000
-1539.000000
1038.000000
-1538.000000
1024.000000
-1538.000000
1010.000000
-1537.000000
996.000000
-1539.000000
982.000000
-1546.000000
971.000000
-1556.000000
969.000000
-1568.000000
971.000000
-1578.000000
975.000000
-1590.000000
978.000000
