-1673.000000
992.000000
-1682.000000
1001.000000
-1684.000000
1015.000000
-1681.000000
1029.000000
-1678.000000
1039.000000
-1675.000000
1053.000000
-1673.000000
1065.000000
-1670.000000
1077.000000
-1667.000000
1089.000000
-1662.000000
1101.000000
-1657.000000
1115.000000
-1653.000000
1125.000000
-1649.000000
1137.000000
-1645.000000
1151.000000
-1642.000000
1163.000000
-1638.000000
1177.000000
-1632.000000
1193.000000
-1625.000000
1205.000000
-1615.000000
1209.000000
-1605.000000
1209.000000
-1601.000000
1199.000000
-1602.000000
1185.000000
-1604.000000
1169.000000
-1608.000000
1155.000000
-1609.000000
1143.000000
-1610.000000
1129.000000
-1611.000000
1113.000000
-1612.000000
1101.000000
-1613.000000
1087.000000
-1612.000000
1073.000000
-1610.000000
1059.000000
-1610.000000
1047.000000
-1610.000000
1031.000000
-1610.000000
1017.000000
-1610.000000
1005.000000
-1612.000000
991.000000
-1623.000000
980.000000
-1633.000000
979.000000
-1647.000000
979.000000
-1661.000000
987.000000
