-1491.000000
1009.000000
-1499.000000
1009.000000
-1509.000000
1008.000000
-1517.000000
1007.000000
-1525.000000
1009.000000
-1527.000000
1019.000000
-1524.000000
1031.000000
-1522.000000
1041.000000
-1519.000000
1051.000000
-1517.000000
1063.000000
-1515.000000
1073.000000
-1514.000000
1083.000000
-1513.000000
1093.000000
-1511.000000
1105.000000
-1510.000000
1117.000000
-1508.000000
1127.000000
-1508.000000
1139.000000
-1507.000000
1151.000000
-1507.000000
1161.000000
-1505.000000
1173.000000
-1502.000000
1183.000000
-1494.000000
1188.000000
-1486.000000
1185.000000
-1481.000000
1175.000000
-1481.000000
1163.000000
-1480.000000
1151.000000
-1480.000000
1141.000000
-1480.000000
1131.000000
-1478.000000
1119.000000
-1477.000000
1107.000000
-1476.000000
1099.000000
-1475.000000
1087.000000
-1473.000000
1075.000000
-1472.000000
1067.000000
-1472.000000
1055.000000
-1472.000000
1045.000000
-1472.000000
1033.000000
-1473.000000
1023.000000
-1472.000000
1013.000000
-1481.000000
1009.000000
