-1630.000000
1026.000000
-1640.000000
1036.000000
-1642.000000
1050.000000
-1641.000000
1066.000000
-1638.000000
1078.000000
-1632.000000
1092.000000
-1627.000000
1106.000000
-1622.000000
1120.000000
-1617.000000
1134.000000
-1612.000000
1148.000000
-1608.000000
1164.000000
-1604.000000
1176.000000
-1599.000000
1192.000000
-1594.000000
1208.000000
-1589.000000
1222.000000
-1582.000000
1238.000000
-1574.000000
1258.000000
-1567.000000
1272.000000
-1561.000000
1282.000000
-1550.000000
1281.000000
-1547.000000
1269.000000
-1546.000000
1253.000000
-1548.000000
1237.000000
-1551.000000
1219.000000
-1555.000000
1205.000000
-1562.000000
1189.000000
-1568.000000
1173.000000
-1571.000000
1159.000000
-1572.000000
1143.000000
-1573.000000
1129.000000
-1573.000000
1113.000000
-1572.000000
1101.000000
-1568.000000
1085.000000
-1566.000000
1071.000000
-1566.000000
1057.000000
-1569.000000
1041.000000
-1578.000000
1030.000000
-1590.000000
1026.000000
-1604.000000
1025.000000
-1618.000000
1024.000000
