-1368.000000
697.000000
-1376.000000
706.000000
-1384.000000
728.000000
-1384.000000
746.000000
-1385.000000
766.000000
-1386.000000
782.000000
-1388.000000
802.000000
-1392.000000
822.000000
-1396.000000
836.000000
-1399.000000
856.000000
-1399.000000
872.000000
-1399.000000
892.000000
-1399.000000
908.000000
-1401.000000
928.000000
-1401.000000
946.000000
-1401.000000
962.000000
-1399.000000
980.000000
-1393.000000
993.000000
-1383.000000
993.000000
-1375.000000
993.000000
-1363.000000
992.000000
-1353.000000
989.000000
-1344.000000
978.000000
-1341.000000
956.000000
-1339.000000
940.000000
-1337.000000
922.000000
-1337.000000
906.000000
-1339.000000
888.000000
-1341.000000
870.000000
-1342.000000
854.000000
-1343.000000
836.000000
-1342.000000
820.000000
-1341.000000
802.000000
-1341.000000
786.000000
-1342.000000
766.000000
-1343.000000
748.000000
-1343.000000
732.000000
-1345.000000
710.000000
-1351.000000
698.000000
-1360.000000
695.000000
