-1588.000000
558.000000
-1604.000000
569.000000
-1619.000000
585.000000
-1627.000000
601.000000
-1632.000000
617.000000
-1635.000000
633.000000
-1639.000000
649.000000
-1645.000000
667.000000
-1652.000000
681.000000
-1660.000000
697.000000
-1669.000000
713.000000
-1674.000000
727.000000
-1680.000000
743.000000
-1686.000000
759.000000
-1691.000000
775.000000
-1694.000000
791.000000
-1693.000000
807.000000
-1684.000000
820.000000
-1670.000000
826.000000
-1654.000000
829.000000
-1640.000000
832.000000
-1626.000000
834.000000
-1616.000000
820.000000
-1612.000000
802.000000
-1610.000000
788.000000
-1609.000000
772.000000
-1608.000000
756.000000
-1605.000000
740.000000
-1601.000000
724.000000
-1597.000000
708.000000
-1593.000000
692.000000
-1591.000000
678.000000
-1588.000000
662.000000
-1585.000000
646.000000
-1581.000000
630.000000
-1576.000000
614.000000
-1571.000000
598.000000
-1566.000000
582.000000
-1564.000000
568.000000
-1572.000000
556.000000
