-1469.000000
1025.000000
-1481.000000
1026.000000
-1495.000000
1025.000000
-1509.000000
1026.000000
-1519.000000
1029.000000
-1525.000000
1040.000000
-1524.000000
1054.000000
-1522.000000
1066.000000
-1521.000000
1076.000000
-1520.000000
1088.000000
-1519.000000
1102.000000
-1519.000000
1112.000000
-1518.000000
1126.000000
-1518.000000
1138.000000
-1518.000000
1152.000000
-1518.000000
1164.000000
-1518.000000
1176.000000
-1518.000000
1190.000000
-1518.000000
1204.000000
-1517.000000
1216.000000
-1513.000000
1226.000000
-1501.000000
1232.000000
-1489.000000
1229.000000
-1481.000000
1217.000000
-1476.000000
1203.000000
-1473.000000
1191.000000
-1471.000000
1179.000000
-1469.000000
1165.000000
-1467.000000
1153.000000
-1464.000000
1139.000000
-1461.000000
1129.000000
-1458.000000
1115.000000
-1454.000000
1103.000000
-1451.000000
1091.000000
-1448.000000
1079.000000
-1446.000000
1067.000000
-1444.000000
1053.000000
-1444.000000
1043.000000
-1445.000000
1031.000000
-1456.000000
1025.000000
