-1572.000000
1006.000000
-1581.000000
1012.000000
-1582.000000
1022.000000
-1582.000000
1034.000000
-1582.000000
1044.000000
-1583.000000
1056.000000
-1584.000000
1068.000000
-1584.000000
1078.000000
-1586.000000
1090.000000
-1587.000000
1100.000000
-1589.000000
1112.000000
-1592.000000
1124.000000
-1595.000000
1134.000000
-1598.000000
1146.000000
-1599.000000
1156.000000
-1602.000000
1170.000000
-1603.000000
1180.000000
-1595.000000
1190.000000
-1587.000000
1193.000000
-1575.000000
1188.000000
-1566.000000
1174.000000
-1561.000000
1164.000000
-1556.000000
1152.000000
-1553.000000
1142.000000
-1550.000000
1130.000000
-1548.000000
1118.000000
-1545.000000
1106.000000
-1543.000000
1096.000000
-1541.000000
1084.000000
-1538.000000
1074.000000
-1534.000000
1060.000000
-1533.000000
1050.000000
-1532.000000
1038.000000
-1530.000000
1026.000000
-1528.000000
1016.000000
-1530.000000
1005.000000
-1538.000000
1003.000000
-1546.000000
1003.000000
-1556.000000
1004.000000
-1564.000000
1005.000000
