-1585.000000
1019.000000
-1596.000000
1024.000000
-1597.000000
1034.000000
-1597.000000
1046.000000
-1598.000000
1056.000000
-1598.000000
1070.000000
-1598.000000
1080.000000
-1598.000000
1092.000000
-1597.000000
1104.000000
-1596.000000
1114.000000
-1596.000000
1126.000000
-1595.000000
1138.000000
-1595.000000
1148.000000
-1594.000000
1160.000000
-1594.000000
1170.000000
-1593.000000
1184.000000
-1591.000000
1194.000000
-1582.000000
1205.000000
-1572.000000
1209.000000
-1558.000000
1206.000000
-1555.000000
1194.000000
-1554.000000
1182.000000
-1551.000000
1170.000000
-1549.000000
1160.000000
-1547.000000
1148.000000
-1544.000000
1136.000000
-1540.000000
1126.000000
-1536.000000
1114.000000
-1534.000000
1104.000000
-1531.000000
1092.000000
-1529.000000
1080.000000
-1527.000000
1068.000000
-1526.000000
1058.000000
-1525.000000
1046.000000
-1524.000000
1034.000000
-1529.000000
1022.000000
-1539.000000
1020.000000
-1549.000000
1020.000000
-1563.000000
1020.000000
-1573.000000
1019.000000
