-1503.000000
651.000000
-1515.000000
669.000000
-1523.000000
695.000000
-1529.000000
717.000000
-1534.000000
737.000000
-1536.000000
759.000000
-1537.000000
781.000000
-1535.000000
803.000000
-1536.000000
823.000000
-1537.000000
845.000000
-1538.000000
865.000000
-1541.000000
885.000000
-1544.000000
905.000000
-1543.000000
923.000000
-1543.000000
947.000000
-1542.000000
967.000000
-1536.000000
983.000000
-1523.000000
990.000000
-1509.000000
992.000000
-1495.000000
991.000000
-1479.000000
986.000000
-1467.000000
983.000000
-1451.000000
978.000000
-1439.000000
964.000000
-1440.000000
943.000000
-1439.000000
923.000000
-1441.000000
903.000000
-1444.000000
881.000000
-1449.000000
861.000000
-1454.000000
841.000000
-1459.000000
821.000000
-1462.000000
801.000000
-1466.000000
781.000000
-1467.000000
759.000000
-1469.000000
735.000000
-1469.000000
715.000000
-1470.000000
691.000000
-1470.000000
667.000000
-1479.000000
651.000000
-1489.000000
647.000000
