-1417.000000
1031.000000
-1427.000000
1036.000000
-1435.000000
1047.000000
-1437.000000
1061.000000
-1436.000000
1073.000000
-1435.000000
1085.000000
-1434.000000
1099.000000
-1433.000000
1111.000000
-1433.000000
1125.000000
-1433.000000
1137.000000
-1433.000000
1153.000000
-1433.000000
1165.000000
-1434.000000
1179.000000
-1434.000000
1193.000000
-1433.000000
1205.000000
-1430.000000
1219.000000
-1427.000000
1231.000000
-1423.000000
1243.000000
-1407.000000
1253.000000
-1391.000000
1253.000000
-1379.000000
1245.000000
-1376.000000
1231.000000
-1373.000000
1217.000000
-1371.000000
1203.000000
-1370.000000
1191.000000
-1368.000000
1177.000000
-1367.000000
1163.000000
-1366.000000
1151.000000
-1365.000000
1137.000000
-1364.000000
1123.000000
-1364.000000
1111.000000
-1363.000000
1095.000000
-1363.000000
1083.000000
-1363.000000
1069.000000
-1362.000000
1055.000000
-1361.000000
1041.000000
-1368.000000
1030.000000
-1379.000000
1028.000000
-1391.000000
1029.000000
-1403.000000
1030.000000
