-1654.000000
701.000000
-1666.000000
709.000000
-1674.000000
721.000000
-1679.000000
733.000000
-1681.000000
747.000000
-1682.000000
759.000000
-1680.000000
775.000000
-1678.000000
791.000000
-1678.000000
805.000000
-1680.000000
819.000000
-1683.000000
833.000000
-1686.000000
843.000000
-1692.000000
855.000000
-1698.000000
867.000000
-1700.000000
883.000000
-1698.000000
897.000000
-1694.000000
913.000000
-1687.000000
929.000000
-1678.000000
941.000000
-1670.000000
951.000000
-1659.000000
958.000000
-1649.000000
954.000000
-1642.000000
944.000000
-1637.000000
928.000000
-1634.000000
914.000000
-1631.000000
898.000000
-1632.000000
884.000000
-1633.000000
868.000000
-1631.000000
854.000000
-1627.000000
842.000000
-1625.000000
828.000000
-1625.000000
816.000000
-1625.000000
800.000000
-1626.000000
786.000000
-1627.000000
772.000000
-1628.000000
758.000000
-1629.000000
744.000000
-1630.000000
730.000000
-1632.000000
714.000000
-1641.000000
703.000000
