-1335.000000
723.000000
-1347.000000
731.000000
-1360.000000
749.000000
-1358.000000
765.000000
-1357.000000
783.000000
-1356.000000
799.000000
-1357.000000
815.000000
-1359.000000
833.000000
-1362.000000
849.000000
-1364.000000
865.000000
-1365.000000
879.000000
-1366.000000
897.000000
-1367.000000
913.000000
-1366.000000
931.000000
-1365.000000
949.000000
-1363.000000
965.000000
-1358.000000
981.000000
-1350.000000
991.000000
-1338.000000
996.000000
-1328.000000
995.000000
-1316.000000
994.000000
-1304.000000
990.000000
-1297.000000
976.000000
-1293.000000
958.000000
-1291.000000
942.000000
-1290.000000
922.000000
-1290.000000
908.000000
-1290.000000
892.000000
-1293.000000
874.000000
-1294.000000
860.000000
-1296.000000
844.000000
-1298.000000
830.000000
-1299.000000
812.000000
-1300.000000
798.000000
-1300.000000
780.000000
-1300.000000
762.000000
-1300.000000
748.000000
-1299.000000
728.000000
-1309.000000
720.000000
-1323.000000
720.000000
