-1639.000000
1052.000000
-1645.000000
1062.000000
-1645.000000
1076.000000
-1643.000000
1092.000000
-1641.000000
1106.000000
-1639.000000
1120.000000
-1638.000000
1134.000000
-1637.000000
1148.000000
-1635.000000
1162.000000
-1630.000000
1176.000000
-1623.000000
1190.000000
-1619.000000
1204.000000
-1617.000000
1218.000000
-1613.000000
1232.000000
-1611.000000
1244.000000
-1608.000000
1260.000000
-1605.000000
1276.000000
-1603.000000
1288.000000
-1597.000000
1298.000000
-1587.000000
1297.000000
-1580.000000
1288.000000
-1577.000000
1276.000000
-1577.000000
1262.000000
-1577.000000
1246.000000
-1577.000000
1234.000000
-1578.000000
1220.000000
-1580.000000
1206.000000
-1581.000000
1194.000000
-1581.000000
1180.000000
-1581.000000
1166.000000
-1581.000000
1152.000000
-1582.000000
1138.000000
-1584.000000
1124.000000
-1588.000000
1108.000000
-1593.000000
1092.000000
-1596.000000
1076.000000
-1601.000000
1062.000000
-1611.000000
1056.000000
-1619.000000
1053.000000
-1629.000000
1051.000000
