-1344.000000
668.000000
-1354.000000
677.000000
-1360.000000
699.000000
-1360.000000
715.000000
-1359.000000
735.000000
-1357.000000
749.000000
-1356.000000
769.000000
-1355.000000
787.000000
-1355.000000
803.000000
-1354.000000
821.000000
-1353.000000
835.000000
-1350.000000
853.000000
-1348.000000
869.000000
-1346.000000
887.000000
-1343.000000
905.000000
-1340.000000
921.000000
-1334.000000
937.000000
-1324.000000
946.000000
-1310.000000
944.000000
-1296.000000
944.000000
-1282.000000
944.000000
-1270.000000
933.000000
-1262.000000
922.000000
-1254.000000
902.000000
-1253.000000
886.000000
-1256.000000
868.000000
-1260.000000
854.000000
-1265.000000
836.000000
-1270.000000
820.000000
-1274.000000
806.000000
-1277.000000
788.000000
-1281.000000
772.000000
-1283.000000
756.000000
-1289.000000
740.000000
-1294.000000
722.000000
-1299.000000
704.000000
-1301.000000
690.000000
-1308.000000
670.000000
-1319.000000
662.000000
-1332.000000
663.000000
