-1498.000000
628.000000
-1507.000000
644.000000
-1511.000000
666.000000
-1512.000000
684.000000
-1515.000000
704.000000
-1518.000000
724.000000
-1520.000000
742.000000
-1522.000000
762.000000
-1524.000000
780.000000
-1527.000000
798.000000
-1531.000000
814.000000
-1533.000000
832.000000
-1532.000000
850.000000
-1532.000000
870.000000
-1533.000000
890.000000
-1533.000000
908.000000
-1530.000000
926.000000
-1517.000000
934.000000
-1505.000000
933.000000
-1491.000000
931.000000
-1475.000000
934.000000
-1463.000000
935.000000
-1449.000000
931.000000
-1439.000000
917.000000
-1434.000000
899.000000
-1434.000000
881.000000
-1435.000000
863.000000
-1438.000000
843.000000
-1443.000000
825.000000
-1447.000000
807.000000
-1450.000000
787.000000
-1451.000000
769.000000
-1454.000000
751.000000
-1457.000000
731.000000
-1460.000000
711.000000
-1462.000000
691.000000
-1465.000000
671.000000
-1470.000000
649.000000
-1477.000000
633.000000
-1487.000000
627.000000
